0 0.530729 0.160417 0.090625 0.256944
1 0.530208 0.160417 0.089583 0.256944
1 0.629687 0.947917 0.094792 0.101389
1 0.344792 0.214583 0.095833 0.126389
2 0.548958 0.131944 0.018750 0.016667
1 0.269792 0.122222 0.083333 0.144444
1 0.266667 0.277083 0.100000 0.123611
1 0.346354 0.874306 0.076042 0.090278
1 0.745833 0.867361 0.081250 0.095833
1 0.771354 0.495139 0.109375 0.134722
1 0.163021 0.801389 0.088542 0.091667
1 0.777604 0.705556 0.084375 0.130556
1 0.139583 0.298611 0.054167 0.094444
1 0.766146 0.279167 0.092708 0.102778
1 0.634896 0.704167 0.157292 0.241667
1 0.261458 0.862500 0.072917 0.125000
1 0.189583 0.279861 0.070833 0.098611
