0 0.534375 0.165972 0.093750 0.245833
1 0.629687 0.947917 0.094792 0.101389
2 0.552604 0.145833 0.017708 0.016667
1 0.270313 0.122222 0.084375 0.144444
1 0.345833 0.209722 0.093750 0.119444
1 0.266667 0.276389 0.100000 0.122222
1 0.346875 0.874306 0.075000 0.090278
1 0.163021 0.801389 0.088542 0.091667
1 0.745833 0.867361 0.081250 0.095833
1 0.771354 0.494444 0.109375 0.136111
1 0.777604 0.705556 0.084375 0.130556
1 0.147917 0.289583 0.070833 0.081944
1 0.766146 0.279167 0.092708 0.102778
1 0.634375 0.709722 0.156250 0.230556
1 0.270833 0.854167 0.079167 0.136111
1 0.534375 0.165972 0.093750 0.245833
