0 0.551042 0.234028 0.097917 0.281944
1 0.551042 0.234028 0.097917 0.279167
1 0.628646 0.945833 0.094792 0.102778
2 0.570833 0.205556 0.020833 0.019444
1 0.270313 0.120833 0.084375 0.141667
1 0.342187 0.208333 0.090625 0.125000
1 0.266667 0.277083 0.100000 0.123611
1 0.744792 0.866667 0.081250 0.094444
1 0.776042 0.705556 0.085417 0.130556
1 0.771354 0.495139 0.107292 0.134722
1 0.346354 0.874306 0.073958 0.090278
1 0.162500 0.800694 0.087500 0.093056
1 0.146875 0.286806 0.070833 0.079167
1 0.766146 0.279167 0.092708 0.102778
1 0.635417 0.705556 0.162500 0.208333
1 0.270313 0.860417 0.076042 0.106944
