1 0.545833 0.762500 0.106250 0.277778
0 0.545833 0.763889 0.106250 0.277778
1 0.619271 0.946528 0.067708 0.104167
1 0.346875 0.200000 0.081250 0.138889
1 0.270313 0.263889 0.086458 0.141667
2 0.544271 0.789583 0.021875 0.018056
1 0.270313 0.118750 0.082292 0.140278
1 0.771354 0.493750 0.109375 0.134722
1 0.345313 0.875694 0.078125 0.090278
1 0.777083 0.705556 0.083333 0.130556
1 0.153646 0.288889 0.086458 0.072222
1 0.163542 0.800000 0.087500 0.091667
1 0.764583 0.265972 0.091667 0.081944
1 0.746875 0.869444 0.079167 0.094444
1 0.630729 0.733333 0.119792 0.161111
1 0.676562 0.722917 0.109375 0.173611
1 0.221875 0.614583 0.095833 0.120833
1 0.275521 0.870833 0.069792 0.127778
1 0.195833 0.252083 0.079167 0.098611
