0 0.558333 0.110417 0.085417 0.218056
1 0.557292 0.110417 0.087500 0.218056
1 0.618750 0.945833 0.068750 0.102778
1 0.379688 0.199306 0.115625 0.145833
2 0.568229 0.069444 0.017708 0.019444
1 0.270313 0.119444 0.084375 0.141667
1 0.769792 0.493056 0.110417 0.133333
1 0.265104 0.285417 0.098958 0.143056
1 0.169271 0.799306 0.101042 0.095833
1 0.776563 0.704167 0.084375 0.130556
1 0.344271 0.875694 0.084375 0.093056
1 0.763542 0.266667 0.091667 0.083333
1 0.150521 0.284028 0.084375 0.081944
1 0.745313 0.871528 0.080208 0.095833
1 0.616146 0.755556 0.121875 0.211111
1 0.659896 0.725694 0.109375 0.168056
1 0.275521 0.868056 0.065625 0.116667
