0 0.559896 0.109028 0.090625 0.215278
1 0.560417 0.110417 0.091667 0.218056
1 0.618750 0.945833 0.068750 0.102778
1 0.379688 0.199306 0.115625 0.143056
2 0.572917 0.074306 0.016667 0.018056
1 0.270313 0.119444 0.084375 0.141667
1 0.266146 0.283333 0.096875 0.141667
1 0.769792 0.493056 0.110417 0.133333
1 0.168750 0.799306 0.100000 0.095833
1 0.776042 0.704167 0.085417 0.130556
1 0.763021 0.266667 0.092708 0.083333
1 0.344792 0.875694 0.083333 0.093056
1 0.144792 0.281944 0.070833 0.080556
1 0.745313 0.869444 0.080208 0.094444
1 0.616667 0.747917 0.120833 0.201389
1 0.666146 0.727778 0.107292 0.166667
1 0.199479 0.268056 0.069792 0.088889
1 0.276042 0.864583 0.079167 0.109722
