0 0.560417 0.160417 0.093750 0.254167
1 0.560417 0.160417 0.093750 0.254167
1 0.618750 0.945833 0.068750 0.102778
1 0.379167 0.205556 0.116667 0.130556
2 0.574479 0.124306 0.019792 0.018056
1 0.269271 0.261806 0.090625 0.095833
1 0.269792 0.119444 0.085417 0.141667
1 0.769792 0.493056 0.110417 0.136111
1 0.168750 0.799306 0.100000 0.098611
1 0.345313 0.875694 0.082292 0.093056
1 0.777083 0.704167 0.085417 0.130556
1 0.763021 0.264583 0.090625 0.081944
1 0.147917 0.285417 0.077083 0.079167
1 0.268750 0.851389 0.081250 0.100000
1 0.619792 0.747917 0.122917 0.193056
1 0.674479 0.722917 0.107292 0.156944
1 0.197917 0.296528 0.070833 0.140278
1 0.747917 0.878472 0.081250 0.087500
