0 0.557813 0.188194 0.096875 0.251389
1 0.557813 0.188194 0.096875 0.254167
1 0.380729 0.205556 0.113542 0.130556
1 0.619271 0.945833 0.067708 0.102778
2 0.572917 0.156944 0.018750 0.019444
1 0.266146 0.260417 0.098958 0.090278
1 0.269792 0.119444 0.085417 0.141667
1 0.769792 0.493056 0.110417 0.136111
1 0.168750 0.801389 0.100000 0.097222
1 0.344792 0.875694 0.081250 0.093056
1 0.777083 0.704167 0.085417 0.130556
1 0.763021 0.264583 0.090625 0.081944
1 0.269792 0.852083 0.075000 0.101389
1 0.745313 0.871528 0.078125 0.095833
1 0.621875 0.740278 0.129167 0.177778
1 0.671354 0.719444 0.113542 0.166667
1 0.201563 0.296528 0.061458 0.140278
1 0.151562 0.286806 0.065625 0.065278
