0 0.529167 0.881944 0.100000 0.230556
1 0.530208 0.884028 0.097917 0.229167
1 0.619271 0.946528 0.067708 0.104167
1 0.760938 0.240278 0.084375 0.122222
1 0.377083 0.209028 0.152083 0.131944
2 0.519271 0.925694 0.019792 0.018056
1 0.268229 0.280556 0.092708 0.144444
1 0.270313 0.119444 0.082292 0.141667
1 0.770312 0.493056 0.109375 0.133333
1 0.777083 0.702083 0.085417 0.129167
1 0.161458 0.799306 0.085417 0.090278
1 0.345313 0.899306 0.078125 0.118056
1 0.144792 0.292361 0.070833 0.070833
1 0.744792 0.869444 0.079167 0.094444
1 0.278646 0.867361 0.084375 0.115278
1 0.210417 0.261111 0.085417 0.102778
