1 0.529167 0.881944 0.102083 0.230556
0 0.529167 0.880556 0.102083 0.233333
1 0.619271 0.946528 0.067708 0.104167
1 0.761979 0.238194 0.082292 0.120833
1 0.376042 0.206944 0.150000 0.130556
2 0.520833 0.906944 0.020833 0.016667
1 0.268229 0.280556 0.092708 0.144444
1 0.270313 0.119444 0.082292 0.141667
1 0.770312 0.493056 0.109375 0.133333
1 0.343229 0.901389 0.073958 0.125000
1 0.777083 0.702083 0.085417 0.129167
1 0.161458 0.799306 0.085417 0.090278
1 0.141146 0.290972 0.063542 0.073611
1 0.745313 0.869444 0.080208 0.094444
1 0.272917 0.868056 0.079167 0.116667
1 0.203646 0.259722 0.076042 0.097222
