1 0.535937 0.825694 0.103125 0.279167
0 0.536458 0.826389 0.102083 0.277778
1 0.763021 0.240972 0.084375 0.126389
1 0.619792 0.946528 0.066667 0.104167
2 0.528646 0.861111 0.021875 0.019444
1 0.268229 0.281944 0.090625 0.144444
1 0.271354 0.119444 0.084375 0.138889
1 0.771354 0.493750 0.109375 0.134722
1 0.345313 0.886806 0.076042 0.093056
1 0.376563 0.197222 0.128125 0.152778
1 0.777604 0.703472 0.086458 0.129167
1 0.161979 0.800694 0.086458 0.090278
1 0.144792 0.291667 0.068750 0.075000
1 0.744792 0.870833 0.079167 0.094444
1 0.209375 0.263889 0.089583 0.097222
1 0.275000 0.868056 0.079167 0.108333
