0 0.544271 0.812500 0.107292 0.258333
1 0.543750 0.813194 0.108333 0.256944
1 0.619792 0.946528 0.066667 0.104167
1 0.386979 0.189583 0.128125 0.170833
1 0.762500 0.240972 0.083333 0.126389
2 0.535937 0.837500 0.023958 0.019444
1 0.268750 0.281250 0.089583 0.143056
1 0.271354 0.119444 0.084375 0.141667
1 0.771354 0.493750 0.109375 0.134722
1 0.345313 0.885417 0.076042 0.093056
1 0.777604 0.703472 0.086458 0.129167
1 0.161979 0.800694 0.086458 0.090278
1 0.143750 0.289583 0.066667 0.073611
1 0.744792 0.870833 0.079167 0.094444
1 0.208854 0.259028 0.073958 0.098611
1 0.276562 0.868056 0.078125 0.113889
