1 0.191146 0.169444 0.117708 0.108333
1 0.266146 0.274306 0.094792 0.159722
0 0.191146 0.169444 0.117708 0.111111
1 0.221354 0.677083 0.092708 0.118056
2 0.184375 0.141667 0.010417 0.016667
1 0.628125 0.919444 0.087500 0.105556
1 0.168750 0.799306 0.102083 0.098611
1 0.745833 0.868750 0.083333 0.098611
1 0.118750 0.573611 0.083333 0.113889
1 0.267708 0.125694 0.085417 0.134722
1 0.349479 0.882639 0.082292 0.104167
1 0.772917 0.492361 0.108333 0.140278
1 0.770312 0.269444 0.094792 0.094444
1 0.638542 0.751389 0.116667 0.172222
1 0.350521 0.210417 0.080208 0.123611
1 0.265625 0.831250 0.085417 0.087500
1 0.593750 0.085417 0.093750 0.148611
1 0.669271 0.495139 0.107292 0.170833
1 0.776563 0.706944 0.086458 0.136111
1 0.148438 0.294444 0.080208 0.061111
