0 0.660417 0.151389 0.120833 0.211111
1 0.660417 0.152083 0.120833 0.212500
1 0.619271 0.946528 0.067708 0.104167
1 0.385937 0.188889 0.109375 0.166667
1 0.266146 0.285417 0.098958 0.145833
2 0.685937 0.129167 0.015625 0.025000
1 0.269792 0.118750 0.083333 0.143056
1 0.169271 0.800694 0.101042 0.098611
1 0.769792 0.256944 0.100000 0.116667
1 0.772396 0.493750 0.109375 0.134722
1 0.347396 0.890278 0.080208 0.100000
1 0.147396 0.293750 0.065625 0.070833
1 0.271875 0.852083 0.081250 0.098611
1 0.744792 0.870139 0.081250 0.095833
1 0.783854 0.688194 0.090625 0.126389
1 0.645312 0.729167 0.153125 0.161111
