0 0.656771 0.149306 0.115625 0.209722
1 0.657292 0.147222 0.114583 0.211111
1 0.619271 0.946528 0.067708 0.104167
1 0.384896 0.188194 0.109375 0.168056
1 0.267708 0.283333 0.095833 0.144444
2 0.675521 0.129167 0.015625 0.025000
1 0.270313 0.118056 0.084375 0.144444
1 0.168750 0.799306 0.100000 0.098611
1 0.769271 0.259028 0.098958 0.112500
1 0.772396 0.493056 0.109375 0.133333
1 0.346875 0.888194 0.079167 0.098611
1 0.151042 0.289583 0.072917 0.076389
1 0.271354 0.850694 0.082292 0.098611
1 0.744792 0.869444 0.081250 0.094444
1 0.643750 0.731250 0.150000 0.162500
1 0.783333 0.686806 0.095833 0.115278
