0 0.645833 0.157639 0.110417 0.226389
1 0.619271 0.946528 0.067708 0.104167
1 0.384896 0.188194 0.109375 0.168056
1 0.266667 0.283333 0.095833 0.141667
2 0.661979 0.132639 0.017708 0.026389
1 0.269792 0.118056 0.083333 0.144444
1 0.166667 0.799306 0.097917 0.095833
1 0.769792 0.259028 0.100000 0.106944
1 0.771354 0.493056 0.107292 0.133333
1 0.148438 0.290278 0.067708 0.075000
1 0.346875 0.888194 0.079167 0.098611
1 0.271354 0.850694 0.082292 0.095833
1 0.745313 0.869444 0.080208 0.094444
1 0.641667 0.729861 0.154167 0.162500
1 0.781771 0.688889 0.088542 0.116667
1 0.645833 0.157639 0.110417 0.226389
