0 0.620833 0.174306 0.120833 0.220833
1 0.619792 0.175000 0.122917 0.219444
1 0.619271 0.946528 0.067708 0.104167
1 0.385417 0.186806 0.108333 0.159722
2 0.632812 0.155556 0.017708 0.027778
1 0.269792 0.119444 0.083333 0.144444
1 0.267188 0.282639 0.092708 0.148611
1 0.771875 0.493750 0.108333 0.134722
1 0.347396 0.889583 0.080208 0.098611
1 0.166146 0.800694 0.092708 0.095833
1 0.770312 0.261806 0.101042 0.101389
1 0.149479 0.292361 0.071875 0.076389
1 0.270833 0.859028 0.081250 0.112500
1 0.745313 0.870833 0.080208 0.094444
1 0.642708 0.724306 0.145833 0.176389
1 0.779167 0.684722 0.093750 0.122222
