1 0.597396 0.191667 0.136458 0.213889
0 0.597917 0.191667 0.137500 0.216667
1 0.619271 0.946528 0.067708 0.104167
1 0.385417 0.193056 0.108333 0.158333
2 0.617708 0.180556 0.016667 0.027778
1 0.270313 0.118056 0.084375 0.141667
1 0.770312 0.493056 0.109375 0.133333
1 0.266667 0.282639 0.091667 0.148611
1 0.769271 0.261806 0.098958 0.095833
1 0.347917 0.888889 0.079167 0.100000
1 0.163542 0.800694 0.089583 0.093056
1 0.147917 0.290972 0.070833 0.076389
1 0.271354 0.849306 0.080208 0.095833
1 0.744792 0.869444 0.081250 0.097222
1 0.645312 0.727778 0.155208 0.177778
1 0.781771 0.685417 0.092708 0.112500
