1 0.529167 0.859722 0.100000 0.272222
0 0.529167 0.859028 0.100000 0.268056
1 0.618750 0.947917 0.064583 0.101389
1 0.262500 0.292361 0.104167 0.156944
1 0.374479 0.197222 0.123958 0.147222
2 0.521354 0.898611 0.019792 0.016667
1 0.270833 0.120833 0.083333 0.144444
1 0.769792 0.236806 0.095833 0.134722
1 0.346354 0.888194 0.073958 0.095833
1 0.164062 0.801389 0.088542 0.091667
1 0.744792 0.872917 0.079167 0.098611
1 0.772396 0.494444 0.107292 0.127778
1 0.638021 0.661806 0.163542 0.159722
1 0.775521 0.675694 0.101042 0.131944
1 0.192188 0.269444 0.071875 0.097222
1 0.065104 0.313194 0.071875 0.079167
1 0.273438 0.860417 0.082292 0.118056
