0 0.533333 0.843750 0.100000 0.273611
1 0.533333 0.845139 0.100000 0.273611
1 0.619792 0.947222 0.064583 0.102778
1 0.768229 0.235417 0.092708 0.134722
1 0.261979 0.292361 0.105208 0.156944
1 0.373958 0.197222 0.125000 0.147222
2 0.527083 0.883333 0.020833 0.016667
1 0.270833 0.120833 0.083333 0.144444
1 0.767708 0.236111 0.091667 0.136111
1 0.349479 0.896528 0.080208 0.112500
1 0.745313 0.872222 0.080208 0.100000
1 0.163542 0.800694 0.089583 0.090278
1 0.772917 0.494444 0.108333 0.127778
1 0.191146 0.260417 0.063542 0.095833
1 0.064062 0.295139 0.073958 0.065278
1 0.648438 0.695139 0.157292 0.237500
1 0.780208 0.677778 0.083333 0.138889
1 0.267188 0.864583 0.086458 0.101389
