0 0.554688 0.803472 0.107292 0.259722
1 0.554688 0.803472 0.107292 0.259722
1 0.620833 0.947222 0.062500 0.102778
2 0.550521 0.822917 0.021875 0.018056
1 0.260417 0.290278 0.104167 0.161111
1 0.270833 0.119444 0.085417 0.138889
1 0.345833 0.888194 0.072917 0.095833
1 0.375521 0.196528 0.121875 0.154167
1 0.766667 0.258333 0.089583 0.097222
1 0.163542 0.800000 0.089583 0.091667
1 0.772396 0.493750 0.107292 0.129167
1 0.744271 0.873611 0.078125 0.094444
1 0.082812 0.260417 0.082292 0.068056
1 0.191146 0.266667 0.080208 0.094444
1 0.655208 0.656944 0.152083 0.152778
1 0.656250 0.766667 0.133333 0.097222
1 0.781250 0.675694 0.087500 0.126389
1 0.272396 0.869444 0.084375 0.122222
1 0.215104 0.643750 0.092708 0.070833
