1 0.561458 0.711806 0.114583 0.198611
0 0.562500 0.711806 0.114583 0.198611
1 0.619792 0.947222 0.066667 0.102778
1 0.261979 0.295139 0.105208 0.159722
1 0.380208 0.197917 0.114583 0.156944
2 0.560417 0.706250 0.022917 0.018056
1 0.103646 0.247917 0.084375 0.079167
1 0.271354 0.119444 0.084375 0.141667
1 0.346354 0.887500 0.073958 0.097222
1 0.771875 0.493056 0.108333 0.130556
1 0.765104 0.265278 0.092708 0.086111
1 0.745833 0.872222 0.081250 0.097222
1 0.163542 0.800694 0.089583 0.090278
1 0.647917 0.656944 0.135417 0.147222
1 0.781771 0.677778 0.090625 0.136111
1 0.193229 0.261806 0.078125 0.081944
1 0.281250 0.866667 0.081250 0.105556
