0 0.558854 0.114583 0.092708 0.226389
1 0.558333 0.114583 0.091667 0.226389
1 0.322396 0.109028 0.084375 0.148611
1 0.619792 0.947222 0.066667 0.102778
1 0.263542 0.294444 0.106250 0.166667
1 0.382292 0.193750 0.112500 0.162500
2 0.575521 0.090278 0.017708 0.016667
1 0.346354 0.889583 0.073958 0.098611
1 0.147396 0.286111 0.073958 0.080556
1 0.745833 0.871528 0.083333 0.098611
1 0.291667 0.118056 0.127083 0.152778
1 0.164062 0.800694 0.088542 0.093056
1 0.771354 0.493750 0.107292 0.131944
1 0.692708 0.165972 0.133333 0.198611
1 0.647917 0.749306 0.104167 0.168056
1 0.788021 0.662500 0.071875 0.119444
1 0.275000 0.870139 0.081250 0.126389
