1 0.554688 0.177778 0.096875 0.241667
0 0.554167 0.177778 0.097917 0.241667
1 0.619792 0.945833 0.066667 0.102778
1 0.263542 0.294444 0.106250 0.163889
1 0.362500 0.194444 0.077083 0.144444
1 0.319792 0.112500 0.081250 0.150000
2 0.569792 0.155556 0.018750 0.016667
1 0.629687 0.160417 0.140625 0.218056
1 0.346354 0.886806 0.073958 0.095833
1 0.746354 0.870139 0.082292 0.098611
1 0.148438 0.286806 0.076042 0.079167
1 0.263021 0.118056 0.067708 0.138889
1 0.770312 0.493056 0.109375 0.133333
1 0.163021 0.800694 0.090625 0.093056
1 0.648438 0.749306 0.103125 0.168056
1 0.276042 0.869444 0.077083 0.119444
1 0.794271 0.674306 0.069792 0.143056
