1 0.216667 0.156944 0.104167 0.091667
1 0.263542 0.270833 0.093750 0.166667
0 0.217188 0.158333 0.107292 0.091667
1 0.223438 0.675694 0.094792 0.115278
2 0.216146 0.154167 0.013542 0.016667
1 0.168229 0.799306 0.101042 0.095833
1 0.626042 0.916667 0.091667 0.105556
1 0.744271 0.868056 0.082292 0.094444
1 0.119271 0.572222 0.082292 0.113889
1 0.348438 0.207639 0.084375 0.126389
1 0.349479 0.882639 0.082292 0.101389
1 0.773438 0.493056 0.105208 0.136111
1 0.637500 0.750694 0.116667 0.170833
1 0.592708 0.085417 0.091667 0.148611
1 0.265104 0.830556 0.086458 0.086111
1 0.768750 0.263194 0.100000 0.081944
1 0.776042 0.705556 0.087500 0.133333
1 0.668750 0.505556 0.102083 0.183333
1 0.269792 0.124306 0.083333 0.131944
1 0.150000 0.289583 0.077083 0.073611
