1 0.103646 0.250694 0.101042 0.098611
1 0.263542 0.271528 0.100000 0.173611
0 0.103646 0.250694 0.101042 0.098611
2 0.090104 0.227778 0.009375 0.016667
1 0.119792 0.572917 0.083333 0.112500
1 0.168750 0.800000 0.102083 0.097222
1 0.269271 0.127083 0.082292 0.137500
1 0.626042 0.917361 0.091667 0.104167
1 0.745313 0.868056 0.084375 0.097222
1 0.771875 0.493056 0.110417 0.138889
1 0.768229 0.263889 0.098958 0.086111
1 0.350000 0.883333 0.081250 0.102778
1 0.265625 0.831250 0.085417 0.084722
1 0.668750 0.506250 0.100000 0.187500
1 0.349479 0.209722 0.080208 0.125000
1 0.596354 0.086111 0.090625 0.147222
1 0.638542 0.751389 0.116667 0.172222
1 0.777604 0.706944 0.086458 0.136111
1 0.152083 0.288889 0.077083 0.072222
