1 0.261979 0.270139 0.094792 0.170833
1 0.224479 0.676389 0.094792 0.113889
0 0.217188 0.156250 0.107292 0.079167
2 0.214583 0.159722 0.012500 0.016667
1 0.168750 0.800000 0.102083 0.097222
1 0.626042 0.917361 0.091667 0.104167
1 0.743750 0.868056 0.081250 0.094444
1 0.118750 0.572917 0.083333 0.112500
1 0.349479 0.212500 0.086458 0.127778
1 0.772917 0.493750 0.106250 0.137500
1 0.350000 0.882639 0.081250 0.101389
1 0.638021 0.751389 0.117708 0.169444
1 0.593750 0.085417 0.091667 0.145833
1 0.265625 0.831944 0.085417 0.086111
1 0.769271 0.265278 0.101042 0.086111
1 0.776563 0.704167 0.086458 0.133333
1 0.669792 0.506944 0.102083 0.186111
1 0.269792 0.125000 0.083333 0.133333
1 0.150000 0.290278 0.077083 0.075000
1 0.217188 0.156250 0.107292 0.079167
