1 0.266667 0.815278 0.141667 0.141667
0 0.266667 0.813194 0.141667 0.140278
1 0.628125 0.918056 0.087500 0.102778
1 0.266667 0.274306 0.097917 0.159722
1 0.194792 0.247917 0.068750 0.106944
0 0.194792 0.247917 0.068750 0.109722
2 0.204167 0.227083 0.008333 0.015278
2 0.247396 0.819444 0.011458 0.019444
1 0.769792 0.493056 0.110417 0.141667
1 0.747396 0.866667 0.084375 0.094444
1 0.266667 0.126389 0.089583 0.127778
1 0.767188 0.276389 0.096875 0.100000
1 0.671875 0.499306 0.112500 0.190278
1 0.639583 0.747917 0.116667 0.165278
1 0.594792 0.086806 0.087500 0.148611
1 0.776563 0.705556 0.088542 0.130556
1 0.351042 0.215278 0.072917 0.122222
1 0.225000 0.674306 0.087500 0.115278
1 0.154688 0.805556 0.076042 0.086111
