0 0.553125 0.126389 0.091667 0.236111
1 0.553125 0.126389 0.091667 0.236111
1 0.628125 0.919444 0.087500 0.100000
1 0.266667 0.267361 0.097917 0.143056
2 0.561979 0.092361 0.015625 0.015278
1 0.771354 0.493056 0.109375 0.138889
1 0.168750 0.799306 0.102083 0.095833
1 0.671354 0.502083 0.107292 0.190278
1 0.641667 0.750000 0.116667 0.166667
1 0.747917 0.870833 0.085417 0.094444
1 0.766667 0.277083 0.095833 0.098611
1 0.777083 0.707639 0.087500 0.129167
1 0.264062 0.128472 0.088542 0.118056
1 0.347396 0.874306 0.080208 0.093056
1 0.332292 0.225694 0.108333 0.098611
1 0.148438 0.293750 0.082292 0.070833
1 0.266146 0.847222 0.086458 0.105556
