0 0.555208 0.130556 0.093750 0.225000
1 0.555729 0.130556 0.092708 0.225000
1 0.628125 0.919444 0.087500 0.100000
1 0.265625 0.265972 0.095833 0.143056
2 0.567187 0.102083 0.017708 0.015278
1 0.771354 0.493750 0.109375 0.140278
1 0.671354 0.502083 0.109375 0.190278
1 0.168750 0.799306 0.102083 0.095833
1 0.747396 0.870833 0.086458 0.094444
1 0.641667 0.750000 0.116667 0.166667
1 0.766667 0.277083 0.095833 0.098611
1 0.777083 0.707639 0.087500 0.129167
1 0.347396 0.875000 0.080208 0.091667
1 0.264062 0.128472 0.088542 0.118056
1 0.331771 0.225000 0.109375 0.097222
1 0.148438 0.293750 0.082292 0.070833
1 0.265625 0.845833 0.087500 0.105556
