0 0.554688 0.161111 0.098958 0.261111
1 0.555208 0.160417 0.100000 0.259722
1 0.628125 0.919444 0.087500 0.100000
1 0.264583 0.265972 0.091667 0.143056
2 0.568750 0.121528 0.016667 0.015278
1 0.771354 0.493750 0.109375 0.140278
1 0.168229 0.800694 0.103125 0.095833
1 0.671354 0.502083 0.109375 0.190278
1 0.641667 0.750000 0.116667 0.166667
1 0.747917 0.870139 0.085417 0.093056
1 0.766667 0.277083 0.095833 0.098611
1 0.264062 0.127778 0.088542 0.119444
1 0.777083 0.706944 0.087500 0.127778
1 0.347396 0.874306 0.080208 0.093056
1 0.333333 0.225694 0.108333 0.095833
1 0.148958 0.293750 0.083333 0.070833
1 0.265104 0.846528 0.086458 0.104167
