1 0.536979 0.891667 0.096875 0.213889
0 0.536979 0.890972 0.096875 0.215278
1 0.629167 0.920139 0.085417 0.101389
1 0.269792 0.275694 0.089583 0.140278
2 0.534375 0.945833 0.018750 0.013889
1 0.266146 0.127083 0.088542 0.129167
1 0.772396 0.493750 0.107292 0.137500
1 0.336979 0.213889 0.096875 0.116667
1 0.595313 0.085417 0.088542 0.151389
1 0.627604 0.918750 0.088542 0.104167
1 0.346354 0.875000 0.078125 0.091667
1 0.642708 0.748611 0.110417 0.163889
1 0.670833 0.494444 0.106250 0.177778
1 0.745833 0.867361 0.083333 0.095833
1 0.766667 0.277083 0.095833 0.104167
1 0.166146 0.800694 0.098958 0.093056
1 0.777083 0.705556 0.087500 0.127778
1 0.222396 0.675694 0.092708 0.123611
1 0.149479 0.296528 0.080208 0.065278
