0 0.538021 0.885417 0.105208 0.226389
1 0.538021 0.885417 0.105208 0.226389
1 0.630208 0.920139 0.083333 0.101389
1 0.270833 0.275694 0.089583 0.140278
2 0.536979 0.925000 0.017708 0.013889
1 0.772396 0.493750 0.107292 0.137500
1 0.265625 0.127083 0.087500 0.129167
1 0.595313 0.085417 0.088542 0.151389
1 0.337500 0.209722 0.095833 0.127778
1 0.166146 0.800000 0.098958 0.091667
1 0.346354 0.875000 0.078125 0.091667
1 0.670833 0.493750 0.106250 0.176389
1 0.642708 0.747917 0.110417 0.162500
1 0.766667 0.277778 0.095833 0.102778
1 0.745833 0.867361 0.083333 0.095833
1 0.777083 0.705556 0.087500 0.127778
1 0.149479 0.297222 0.080208 0.066667
1 0.225000 0.677083 0.087500 0.120833
1 0.271875 0.850694 0.070833 0.118056
1 0.192188 0.254861 0.073958 0.093056
