1 0.539583 0.863194 0.106250 0.265278
0 0.539583 0.863889 0.106250 0.263889
1 0.630208 0.920139 0.083333 0.101389
1 0.265625 0.276389 0.102083 0.141667
2 0.540104 0.907639 0.019792 0.012500
1 0.772396 0.494444 0.107292 0.138889
1 0.265625 0.126389 0.087500 0.130556
1 0.595313 0.085417 0.088542 0.151389
1 0.338021 0.207639 0.096875 0.129167
1 0.166146 0.800694 0.098958 0.093056
1 0.670833 0.493056 0.106250 0.175000
1 0.345833 0.875000 0.077083 0.091667
1 0.766667 0.277778 0.095833 0.102778
1 0.643229 0.747917 0.109375 0.162500
1 0.745833 0.867361 0.083333 0.095833
1 0.777083 0.706250 0.087500 0.126389
1 0.225521 0.676389 0.086458 0.122222
1 0.270833 0.861806 0.075000 0.123611
1 0.189583 0.270833 0.070833 0.100000
1 0.139583 0.297222 0.047917 0.066667
