0 0.543750 0.838194 0.102083 0.273611
1 0.543229 0.839583 0.101042 0.270833
1 0.629687 0.919444 0.084375 0.100000
1 0.266667 0.279861 0.100000 0.143056
2 0.545833 0.873611 0.020833 0.013889
1 0.220833 0.678472 0.087500 0.120833
1 0.772396 0.494444 0.107292 0.138889
1 0.265625 0.127083 0.087500 0.129167
1 0.595313 0.084722 0.088542 0.152778
1 0.166667 0.800000 0.100000 0.091667
1 0.337500 0.208333 0.097917 0.127778
1 0.346354 0.875000 0.078125 0.091667
1 0.670833 0.493056 0.106250 0.175000
1 0.766667 0.277778 0.095833 0.102778
1 0.643229 0.749306 0.109375 0.165278
1 0.745833 0.867361 0.083333 0.095833
1 0.777083 0.706250 0.087500 0.126389
1 0.150000 0.294444 0.079167 0.072222
1 0.195833 0.263194 0.079167 0.079167
1 0.269792 0.867361 0.072917 0.126389
