1 0.465104 0.117361 0.096875 0.231944
0 0.464583 0.115278 0.097917 0.227778
1 0.628646 0.919444 0.086458 0.100000
1 0.269271 0.286806 0.088542 0.145833
1 0.191667 0.264583 0.075000 0.104167
0 0.191667 0.265972 0.075000 0.104167
2 0.462500 0.070833 0.016667 0.011111
2 0.202083 0.243056 0.008333 0.022222
1 0.168229 0.799306 0.105208 0.095833
1 0.745833 0.867361 0.083333 0.095833
1 0.640104 0.750000 0.117708 0.166667
1 0.771354 0.495139 0.111458 0.134722
1 0.670833 0.500694 0.104167 0.190278
1 0.595313 0.086806 0.090625 0.154167
1 0.777083 0.704861 0.087500 0.131944
1 0.767188 0.278472 0.094792 0.104167
1 0.395833 0.195139 0.141667 0.154167
1 0.346354 0.875000 0.082292 0.091667
1 0.265625 0.850694 0.089583 0.112500
1 0.174479 0.155556 0.105208 0.094444
