0 0.494271 0.113194 0.088542 0.223611
1 0.494271 0.113889 0.088542 0.225000
1 0.628646 0.919444 0.086458 0.100000
1 0.397396 0.191667 0.136458 0.169444
1 0.190625 0.266667 0.075000 0.102778
1 0.269271 0.286111 0.090625 0.144444
0 0.190625 0.266667 0.075000 0.102778
2 0.507292 0.075000 0.016667 0.011111
2 0.202083 0.243750 0.008333 0.018056
1 0.745833 0.866667 0.083333 0.097222
1 0.168229 0.800000 0.105208 0.097222
1 0.639583 0.750694 0.116667 0.168056
1 0.771875 0.495139 0.110417 0.134722
1 0.671354 0.501389 0.103125 0.194444
1 0.594792 0.088194 0.091667 0.154167
1 0.777083 0.704861 0.087500 0.131944
1 0.767188 0.278472 0.094792 0.104167
1 0.346354 0.875000 0.082292 0.091667
1 0.265625 0.850694 0.089583 0.112500
1 0.152083 0.199306 0.125000 0.090278
