1 0.544792 0.218750 0.097917 0.284722
0 0.545312 0.218750 0.096875 0.281944
1 0.628125 0.918750 0.087500 0.101389
1 0.394271 0.200694 0.136458 0.151389
1 0.266667 0.285417 0.091667 0.143056
2 0.551562 0.177778 0.017708 0.016667
1 0.745833 0.866667 0.083333 0.097222
1 0.639583 0.749306 0.118750 0.165278
1 0.670312 0.502083 0.103125 0.193056
1 0.345833 0.874306 0.079167 0.090278
1 0.771875 0.495139 0.110417 0.134722
1 0.777083 0.704861 0.087500 0.131944
1 0.767188 0.278472 0.094792 0.104167
1 0.165104 0.800694 0.098958 0.093056
1 0.079167 0.258333 0.077083 0.080556
1 0.221875 0.679861 0.081250 0.126389
1 0.272396 0.848611 0.069792 0.102778
1 0.192188 0.264583 0.067708 0.106944
2 0.205729 0.241667 0.007292 0.022222
0 0.192188 0.264583 0.067708 0.106944
