0 0.549479 0.808333 0.101042 0.269444
1 0.549479 0.808333 0.101042 0.269444
1 0.633333 0.919444 0.079167 0.102778
1 0.265104 0.290278 0.103125 0.152778
1 0.193750 0.266667 0.070833 0.105556
0 0.193750 0.267361 0.070833 0.104167
2 0.554688 0.843056 0.021875 0.013889
1 0.384896 0.198611 0.132292 0.152778
2 0.205208 0.244444 0.006250 0.016667
1 0.745833 0.866667 0.083333 0.097222
1 0.167708 0.800000 0.104167 0.097222
1 0.669792 0.502083 0.102083 0.187500
1 0.644792 0.747222 0.108333 0.161111
1 0.771875 0.495833 0.108333 0.133333
1 0.594792 0.087500 0.093750 0.155556
1 0.776563 0.706250 0.086458 0.131944
1 0.767188 0.278472 0.094792 0.104167
1 0.346354 0.881944 0.082292 0.105556
1 0.276042 0.866667 0.075000 0.111111
