1 0.558333 0.800694 0.114583 0.259722
0 0.557813 0.801389 0.113542 0.261111
1 0.628646 0.922222 0.088542 0.097222
1 0.265104 0.290972 0.103125 0.154167
1 0.193750 0.266667 0.070833 0.105556
0 0.193750 0.267361 0.070833 0.104167
2 0.563542 0.821528 0.020833 0.015278
1 0.386458 0.196528 0.133333 0.156944
2 0.205208 0.244444 0.006250 0.016667
1 0.745833 0.866667 0.083333 0.097222
1 0.167708 0.800694 0.104167 0.095833
1 0.670312 0.503472 0.103125 0.190278
1 0.646354 0.745833 0.105208 0.158333
1 0.594271 0.087500 0.092708 0.155556
1 0.771875 0.496528 0.108333 0.134722
1 0.776563 0.706250 0.086458 0.131944
1 0.767188 0.278472 0.094792 0.104167
1 0.345833 0.877778 0.083333 0.097222
1 0.277083 0.870833 0.072917 0.113889
