1 0.566146 0.240278 0.103125 0.244444
0 0.566667 0.240972 0.102083 0.245833
1 0.628125 0.919444 0.085417 0.100000
1 0.381771 0.202778 0.128125 0.150000
1 0.189583 0.265278 0.083333 0.102778
1 0.266146 0.290972 0.103125 0.151389
0 0.189062 0.265278 0.084375 0.102778
2 0.576042 0.213889 0.016667 0.019444
2 0.202604 0.244444 0.009375 0.019444
1 0.770833 0.496528 0.110417 0.134722
1 0.671875 0.506944 0.106250 0.188889
1 0.745833 0.867361 0.083333 0.095833
1 0.641146 0.749306 0.115625 0.165278
1 0.346354 0.875000 0.078125 0.091667
1 0.777604 0.705556 0.090625 0.127778
1 0.165625 0.799306 0.095833 0.095833
1 0.765625 0.278472 0.093750 0.104167
1 0.268229 0.845833 0.073958 0.091667
1 0.143750 0.298611 0.060417 0.063889
