1 0.531771 0.861806 0.103125 0.254167
0 0.531250 0.861111 0.104167 0.255556
1 0.631771 0.947222 0.096875 0.102778
1 0.263542 0.297222 0.104167 0.155556
2 0.526563 0.893750 0.019792 0.015278
1 0.348958 0.200000 0.083333 0.141667
1 0.269792 0.118750 0.085417 0.143056
1 0.771875 0.495139 0.108333 0.134722
1 0.168750 0.800000 0.097917 0.094444
1 0.766146 0.261806 0.094792 0.087500
1 0.778125 0.705556 0.087500 0.130556
1 0.745833 0.868056 0.081250 0.100000
1 0.643750 0.746528 0.112500 0.162500
1 0.669271 0.505556 0.107292 0.186111
1 0.345833 0.877083 0.083333 0.095833
1 0.594792 0.086111 0.091667 0.155556
1 0.139063 0.286111 0.048958 0.066667
1 0.270833 0.850000 0.075000 0.097222
1 0.194271 0.277083 0.065625 0.098611
