0 0.533333 0.853472 0.106250 0.234722
1 0.533333 0.853472 0.104167 0.231944
1 0.631771 0.947222 0.096875 0.102778
1 0.263542 0.297222 0.104167 0.155556
2 0.528125 0.868056 0.020833 0.016667
1 0.348958 0.200000 0.083333 0.141667
1 0.771875 0.495139 0.108333 0.134722
1 0.269792 0.118750 0.085417 0.143056
1 0.765104 0.263889 0.094792 0.083333
1 0.778125 0.706250 0.087500 0.129167
1 0.745833 0.867361 0.081250 0.098611
1 0.168750 0.800000 0.097917 0.094444
1 0.643750 0.747222 0.112500 0.163889
1 0.593750 0.086111 0.091667 0.152778
1 0.345833 0.876389 0.083333 0.094444
1 0.669271 0.503472 0.109375 0.179167
1 0.141146 0.286806 0.051042 0.068056
1 0.271354 0.849306 0.076042 0.095833
1 0.192188 0.277083 0.057292 0.095833
