0 0.673958 0.152778 0.116667 0.200000
1 0.673438 0.152778 0.117708 0.202778
1 0.262500 0.286111 0.106250 0.133333
1 0.353646 0.202083 0.076042 0.140278
1 0.630729 0.946528 0.096875 0.104167
2 0.697917 0.118056 0.014583 0.022222
1 0.269271 0.118750 0.084375 0.140278
1 0.771875 0.495833 0.108333 0.136111
1 0.745833 0.869444 0.083333 0.097222
1 0.344271 0.875694 0.080208 0.090278
1 0.778125 0.705556 0.085417 0.133333
1 0.765104 0.265972 0.094792 0.084722
1 0.165104 0.800000 0.092708 0.088889
1 0.675000 0.505556 0.120833 0.186111
1 0.142187 0.283333 0.057292 0.083333
1 0.625521 0.702083 0.148958 0.143056
1 0.269792 0.879167 0.072917 0.133333
1 0.194271 0.279167 0.055208 0.102778
