0 0.578646 0.232639 0.111458 0.240278
1 0.578125 0.232639 0.110417 0.240278
1 0.630729 0.945833 0.096875 0.102778
1 0.353125 0.202778 0.077083 0.138889
1 0.265625 0.284722 0.100000 0.130556
2 0.594792 0.215278 0.020833 0.022222
1 0.269271 0.119444 0.084375 0.138889
1 0.770833 0.496528 0.110417 0.137500
1 0.746875 0.870139 0.085417 0.098611
1 0.345313 0.876389 0.078125 0.094444
1 0.778646 0.704861 0.086458 0.134722
1 0.764583 0.265972 0.093750 0.084722
1 0.165104 0.800000 0.090625 0.088889
1 0.137500 0.285417 0.047917 0.068056
1 0.673958 0.520833 0.120833 0.213889
1 0.624479 0.704167 0.144792 0.141667
1 0.268229 0.867361 0.071875 0.129167
1 0.193229 0.278472 0.065625 0.109722
