1 0.530729 0.866667 0.098958 0.263889
0 0.530729 0.867361 0.098958 0.259722
1 0.631250 0.946528 0.095833 0.104167
1 0.267188 0.276389 0.092708 0.113889
2 0.525000 0.909028 0.020833 0.018056
1 0.348958 0.205556 0.081250 0.133333
1 0.745313 0.868056 0.082292 0.097222
1 0.765625 0.264583 0.091667 0.087500
1 0.346354 0.880556 0.076042 0.100000
1 0.777604 0.705556 0.086458 0.130556
1 0.270833 0.120833 0.085417 0.138889
1 0.161979 0.800694 0.084375 0.090278
1 0.133333 0.299306 0.043750 0.106944
1 0.771875 0.495833 0.108333 0.133333
1 0.268750 0.852778 0.070833 0.094444
1 0.658333 0.736111 0.131250 0.141667
1 0.165104 0.145139 0.101042 0.095833
1 0.190104 0.275694 0.065625 0.098611
