1 0.539062 0.798611 0.103125 0.288889
0 0.539583 0.798611 0.102083 0.288889
1 0.631250 0.947222 0.093750 0.102778
1 0.266146 0.275000 0.094792 0.113889
2 0.527083 0.831944 0.022917 0.019444
1 0.347917 0.205556 0.085417 0.138889
1 0.271354 0.120833 0.084375 0.141667
1 0.745833 0.867361 0.081250 0.095833
1 0.124479 0.184722 0.073958 0.086111
1 0.161979 0.801389 0.084375 0.091667
1 0.346354 0.878472 0.073958 0.098611
1 0.776563 0.704861 0.086458 0.131944
1 0.267708 0.848611 0.072917 0.091667
1 0.772396 0.496528 0.107292 0.131944
1 0.141146 0.300000 0.059375 0.105556
1 0.766667 0.275000 0.093750 0.100000
1 0.659375 0.738889 0.122917 0.144444
1 0.195312 0.279167 0.059375 0.102778
