1 0.454688 0.113889 0.094792 0.225000
0 0.454688 0.113889 0.094792 0.225000
1 0.630208 0.947222 0.095833 0.102778
1 0.266146 0.277083 0.096875 0.118056
2 0.448958 0.086111 0.018750 0.019444
1 0.745833 0.867361 0.081250 0.095833
1 0.271354 0.121528 0.084375 0.140278
1 0.344792 0.213889 0.085417 0.133333
1 0.770833 0.495139 0.108333 0.134722
1 0.777083 0.705556 0.085417 0.130556
1 0.345833 0.875000 0.075000 0.088889
1 0.131250 0.291667 0.039583 0.086111
1 0.161979 0.800694 0.084375 0.090278
1 0.766146 0.278472 0.092708 0.101389
1 0.193750 0.275694 0.075000 0.104167
1 0.271354 0.862500 0.071875 0.108333
