1 0.057813 0.297917 0.061458 0.062500
1 0.637500 0.754167 0.104167 0.163889
1 0.672396 0.496528 0.094792 0.168056
1 0.346354 0.872917 0.073958 0.093056
1 0.275521 0.266667 0.090625 0.116667
1 0.116667 0.577778 0.075000 0.097222
1 0.628125 0.922222 0.085417 0.100000
1 0.589063 0.091667 0.082292 0.158333
1 0.247917 0.140278 0.085417 0.100000
1 0.777083 0.704167 0.083333 0.122222
1 0.769792 0.491667 0.089583 0.138889
1 0.768750 0.274306 0.087500 0.106944
1 0.401042 0.093056 0.081250 0.086111
1 0.164583 0.799306 0.091667 0.081944
1 0.266667 0.843750 0.095833 0.087500
1 0.203646 0.243056 0.063542 0.119444
