1 0.083333 0.267361 0.068750 0.062500
1 0.635417 0.749306 0.108333 0.159722
1 0.345833 0.872917 0.077083 0.093056
1 0.271354 0.266667 0.101042 0.125000
1 0.626042 0.919444 0.087500 0.105556
1 0.116667 0.577778 0.075000 0.100000
1 0.589063 0.086806 0.084375 0.154167
1 0.778125 0.706944 0.083333 0.130556
1 0.747917 0.869444 0.077083 0.094444
1 0.248958 0.136806 0.089583 0.095833
1 0.769792 0.486806 0.085417 0.137500
1 0.768229 0.275694 0.088542 0.109722
1 0.264583 0.836806 0.079167 0.090278
1 0.168229 0.799306 0.094792 0.093056
1 0.206771 0.241667 0.063542 0.105556
1 0.674479 0.493750 0.101042 0.184722
