1 0.110937 0.222917 0.063542 0.068056
1 0.767188 0.259028 0.090625 0.098611
1 0.671354 0.492361 0.103125 0.173611
1 0.634896 0.747917 0.111458 0.162500
1 0.117708 0.578472 0.079167 0.104167
1 0.772396 0.484722 0.092708 0.136111
1 0.346875 0.876389 0.079167 0.094444
1 0.160938 0.802083 0.086458 0.093056
1 0.276562 0.270139 0.107292 0.131944
1 0.627083 0.920139 0.087500 0.104167
1 0.591667 0.089583 0.087500 0.151389
1 0.254167 0.138889 0.093750 0.105556
1 0.203646 0.246528 0.067708 0.120833
1 0.264583 0.838889 0.079167 0.091667
1 0.748958 0.870833 0.077083 0.094444
1 0.778646 0.706944 0.084375 0.130556
