1 0.131771 0.206944 0.065625 0.080556
1 0.671354 0.491667 0.101042 0.177778
1 0.767188 0.255556 0.088542 0.094444
1 0.163021 0.799306 0.092708 0.090278
1 0.634375 0.747222 0.112500 0.161111
1 0.345313 0.874306 0.078125 0.093056
1 0.117188 0.575694 0.078125 0.104167
1 0.626042 0.918056 0.087500 0.105556
1 0.771354 0.485417 0.092708 0.137500
1 0.273438 0.269444 0.103125 0.130556
1 0.590104 0.088194 0.086458 0.148611
1 0.747917 0.869444 0.077083 0.094444
1 0.778646 0.705556 0.084375 0.130556
1 0.254167 0.135417 0.089583 0.098611
1 0.203646 0.243056 0.063542 0.119444
1 0.263021 0.840972 0.073958 0.081944
