1 0.159375 0.188889 0.070833 0.075000
1 0.773958 0.241667 0.100000 0.125000
1 0.677083 0.492361 0.093750 0.190278
1 0.261458 0.838194 0.070833 0.087500
1 0.206250 0.247222 0.062500 0.108333
1 0.589063 0.088194 0.080208 0.145833
1 0.117708 0.577778 0.079167 0.102778
1 0.345313 0.876389 0.076042 0.088889
1 0.627604 0.750000 0.130208 0.161111
1 0.282813 0.258333 0.096875 0.130556
1 0.161979 0.800000 0.084375 0.088889
1 0.627083 0.919444 0.087500 0.105556
1 0.765104 0.486806 0.080208 0.131944
1 0.253646 0.143750 0.094792 0.104167
1 0.748437 0.870139 0.078125 0.095833
1 0.779167 0.709028 0.087500 0.126389
