1 0.200000 0.254861 0.079167 0.093056
1 0.234896 0.160417 0.082292 0.115278
1 0.744271 0.868056 0.084375 0.097222
1 0.672396 0.493056 0.107292 0.183333
1 0.258854 0.836806 0.069792 0.084722
1 0.775521 0.489583 0.101042 0.126389
1 0.773438 0.227083 0.103125 0.137500
1 0.775521 0.705556 0.082292 0.136111
1 0.625000 0.918056 0.087500 0.105556
1 0.625000 0.743750 0.127083 0.165278
1 0.116146 0.582639 0.076042 0.101389
1 0.281250 0.257639 0.106250 0.145833
1 0.594271 0.088889 0.084375 0.150000
1 0.162500 0.801389 0.085417 0.088889
1 0.350000 0.888194 0.085417 0.109722
1 0.147917 0.290278 0.070833 0.066667
