1 0.232292 0.170139 0.089583 0.123611
1 0.197396 0.248611 0.067708 0.080556
1 0.744792 0.867361 0.083333 0.098611
1 0.259375 0.836806 0.068750 0.084722
1 0.278646 0.274306 0.121875 0.156944
1 0.672396 0.493056 0.107292 0.183333
1 0.626042 0.918056 0.089583 0.105556
1 0.775521 0.489583 0.101042 0.126389
1 0.772396 0.228472 0.101042 0.134722
1 0.115625 0.581944 0.077083 0.100000
1 0.631771 0.747917 0.126042 0.170833
1 0.776042 0.704167 0.083333 0.136111
1 0.595313 0.089583 0.084375 0.151389
1 0.146875 0.292361 0.075000 0.070833
1 0.162500 0.801389 0.085417 0.088889
1 0.352083 0.889583 0.089583 0.112500
