1 0.290104 0.140278 0.115625 0.111111
1 0.190625 0.246528 0.062500 0.079167
1 0.744792 0.867361 0.083333 0.098611
1 0.625521 0.918056 0.090625 0.105556
1 0.672917 0.493750 0.106250 0.184722
1 0.280729 0.273611 0.128125 0.161111
1 0.352083 0.890278 0.089583 0.113889
1 0.771875 0.229861 0.102083 0.131944
1 0.633854 0.751389 0.126042 0.169444
1 0.775521 0.490278 0.101042 0.127778
1 0.116146 0.581944 0.078125 0.100000
1 0.264583 0.838194 0.081250 0.090278
1 0.776563 0.704167 0.084375 0.136111
1 0.147396 0.290972 0.073958 0.070833
1 0.160938 0.803472 0.086458 0.093056
1 0.595833 0.090278 0.087500 0.152778
