1 0.301563 0.136111 0.109375 0.125000
1 0.189062 0.247917 0.059375 0.079167
1 0.276562 0.275000 0.123958 0.161111
1 0.745313 0.868056 0.084375 0.097222
1 0.626042 0.918056 0.091667 0.105556
1 0.672917 0.494444 0.106250 0.186111
1 0.352083 0.890278 0.089583 0.113889
1 0.634375 0.752083 0.125000 0.168056
1 0.770312 0.232639 0.098958 0.137500
1 0.116146 0.581944 0.078125 0.100000
1 0.264583 0.838194 0.081250 0.090278
1 0.595833 0.089583 0.087500 0.159722
1 0.160938 0.803472 0.086458 0.093056
1 0.776563 0.704167 0.084375 0.138889
1 0.775000 0.492361 0.102083 0.129167
1 0.147396 0.291667 0.073958 0.069444
1 0.250521 0.127083 0.055208 0.118056
