1 0.307292 0.136111 0.116667 0.119444
1 0.189583 0.248611 0.062500 0.086111
1 0.266146 0.275000 0.101042 0.161111
1 0.745313 0.868056 0.084375 0.097222
1 0.626042 0.918056 0.091667 0.105556
1 0.672396 0.496528 0.107292 0.190278
1 0.351562 0.890278 0.090625 0.113889
1 0.635417 0.752083 0.125000 0.168056
1 0.770312 0.232639 0.098958 0.137500
1 0.116667 0.581250 0.079167 0.098611
1 0.306771 0.135417 0.115625 0.118056
1 0.264583 0.838194 0.081250 0.090278
1 0.595833 0.089583 0.087500 0.159722
1 0.160938 0.803472 0.086458 0.093056
1 0.777083 0.704861 0.085417 0.140278
1 0.146875 0.290972 0.075000 0.073611
1 0.256250 0.129861 0.068750 0.126389
1 0.774479 0.493750 0.105208 0.129167
