1 0.169271 0.799306 0.103125 0.098611
1 0.263542 0.275694 0.097917 0.168056
1 0.625521 0.917361 0.092708 0.106944
1 0.747396 0.868056 0.084375 0.097222
1 0.673958 0.497222 0.110417 0.194444
1 0.276562 0.118750 0.080208 0.140278
1 0.120313 0.572222 0.082292 0.116667
1 0.353646 0.886111 0.098958 0.113889
1 0.768750 0.236111 0.093750 0.141667
1 0.639062 0.752083 0.117708 0.170833
1 0.150521 0.289583 0.084375 0.076389
1 0.330208 0.214583 0.104167 0.112500
1 0.194271 0.249306 0.069792 0.084722
1 0.265625 0.840278 0.085417 0.094444
1 0.778646 0.706944 0.088542 0.147222
1 0.598437 0.088889 0.094792 0.158333
1 0.773958 0.488889 0.108333 0.138889
