1 0.169271 0.799306 0.103125 0.098611
1 0.349479 0.204861 0.084375 0.143056
1 0.260937 0.268750 0.094792 0.179167
1 0.119792 0.574306 0.083333 0.115278
1 0.625521 0.917361 0.092708 0.106944
1 0.675521 0.498611 0.109375 0.197222
1 0.746354 0.868056 0.084375 0.097222
1 0.354687 0.885417 0.098958 0.115278
1 0.273438 0.122917 0.080208 0.140278
1 0.639583 0.752083 0.116667 0.170833
1 0.770312 0.238889 0.096875 0.138889
1 0.266146 0.840278 0.086458 0.097222
1 0.152083 0.291667 0.077083 0.077778
1 0.773958 0.490972 0.108333 0.137500
1 0.779167 0.706944 0.089583 0.147222
1 0.598958 0.089583 0.093750 0.159722
1 0.197917 0.251389 0.075000 0.088889
