1 0.169271 0.799306 0.103125 0.098611
1 0.626042 0.917361 0.093750 0.106944
1 0.119792 0.573611 0.083333 0.116667
1 0.675521 0.499306 0.111458 0.195833
1 0.772396 0.493750 0.109375 0.137500
1 0.262500 0.267361 0.095833 0.181944
1 0.747396 0.868056 0.084375 0.097222
1 0.265625 0.834028 0.087500 0.087500
1 0.265625 0.125694 0.089583 0.134722
1 0.350000 0.203472 0.079167 0.137500
1 0.771354 0.265278 0.103125 0.088889
1 0.346875 0.881944 0.077083 0.102778
1 0.640104 0.752083 0.115625 0.170833
1 0.598958 0.088889 0.093750 0.144444
1 0.151562 0.291667 0.076042 0.075000
1 0.778646 0.707639 0.088542 0.140278
1 0.196354 0.255556 0.071875 0.113889
1 0.049479 0.361806 0.065625 0.073611
