1 0.772396 0.493750 0.109375 0.137500
1 0.672917 0.486806 0.114583 0.170833
1 0.169271 0.799306 0.103125 0.098611
1 0.347396 0.881944 0.076042 0.102778
1 0.118229 0.573611 0.082292 0.113889
1 0.775521 0.708333 0.086458 0.127778
1 0.626042 0.916667 0.093750 0.105556
1 0.267708 0.123611 0.083333 0.136111
1 0.350000 0.202083 0.079167 0.137500
1 0.266146 0.830556 0.086458 0.088889
1 0.647917 0.736806 0.112500 0.148611
1 0.598958 0.086806 0.093750 0.143056
1 0.150000 0.291667 0.077083 0.075000
1 0.769792 0.266667 0.104167 0.083333
1 0.261979 0.272222 0.088542 0.172222
1 0.747917 0.870139 0.085417 0.104167
1 0.222396 0.680556 0.088542 0.122222
1 0.202604 0.240278 0.057292 0.105556
1 0.065104 0.332639 0.071875 0.118056
