1 0.169792 0.798611 0.104167 0.100000
1 0.347917 0.881944 0.077083 0.102778
1 0.625521 0.917361 0.092708 0.106944
1 0.772396 0.493056 0.109375 0.136111
1 0.675000 0.499306 0.110417 0.195833
1 0.747396 0.868750 0.084375 0.098611
1 0.265625 0.831250 0.085417 0.087500
1 0.119271 0.574306 0.082292 0.115278
1 0.598958 0.086111 0.093750 0.147222
1 0.768750 0.266667 0.102083 0.080556
1 0.219271 0.684028 0.115625 0.134722
1 0.638542 0.752083 0.116667 0.170833
1 0.269271 0.126389 0.084375 0.133333
1 0.778646 0.708333 0.088542 0.138889
1 0.347917 0.220139 0.072917 0.101389
1 0.064583 0.340278 0.075000 0.100000
1 0.268750 0.275694 0.085417 0.140278
1 0.152083 0.291667 0.079167 0.077778
1 0.200521 0.175000 0.105208 0.097222
