1 0.169271 0.798611 0.105208 0.100000
1 0.347396 0.881944 0.078125 0.102778
1 0.625521 0.918056 0.092708 0.105556
1 0.265625 0.830556 0.085417 0.088889
1 0.119271 0.573611 0.082292 0.113889
1 0.772396 0.492361 0.109375 0.143056
1 0.746354 0.870833 0.084375 0.102778
1 0.675521 0.506944 0.113542 0.186111
1 0.598958 0.086111 0.093750 0.147222
1 0.770312 0.268056 0.105208 0.086111
1 0.638021 0.752778 0.115625 0.172222
1 0.268750 0.127083 0.083333 0.129167
1 0.216667 0.681944 0.114583 0.125000
1 0.778646 0.707639 0.088542 0.137500
1 0.348958 0.221528 0.070833 0.098611
1 0.270833 0.278472 0.085417 0.143056
1 0.064583 0.327778 0.072917 0.100000
1 0.148438 0.293750 0.080208 0.073611
1 0.182812 0.179167 0.090625 0.119444
