1 0.169271 0.798611 0.105208 0.100000
1 0.347396 0.881944 0.078125 0.102778
1 0.747917 0.870139 0.087500 0.098611
1 0.625521 0.918056 0.092708 0.105556
1 0.118750 0.573611 0.083333 0.113889
1 0.772396 0.493056 0.109375 0.141667
1 0.265625 0.830556 0.085417 0.088889
1 0.676042 0.507639 0.116667 0.184722
1 0.598958 0.086111 0.093750 0.147222
1 0.769792 0.268056 0.104167 0.086111
1 0.638021 0.752778 0.115625 0.172222
1 0.268750 0.127083 0.085417 0.126389
1 0.778646 0.707639 0.088542 0.137500
1 0.219271 0.680556 0.109375 0.119444
1 0.347917 0.221528 0.072917 0.098611
1 0.270833 0.279167 0.085417 0.144444
1 0.064062 0.327083 0.071875 0.098611
1 0.148438 0.293056 0.080208 0.072222
1 0.169271 0.179167 0.096875 0.091667
