1 0.168229 0.799306 0.101042 0.098611
1 0.347396 0.881944 0.078125 0.105556
1 0.626042 0.918056 0.091667 0.105556
1 0.119792 0.572917 0.083333 0.118056
1 0.772917 0.491667 0.108333 0.141667
1 0.674479 0.506944 0.117708 0.180556
1 0.747917 0.868056 0.087500 0.097222
1 0.265104 0.830556 0.086458 0.086111
1 0.597917 0.086806 0.095833 0.145833
1 0.268229 0.125694 0.086458 0.131944
1 0.769792 0.266667 0.104167 0.083333
1 0.636979 0.752083 0.117708 0.173611
1 0.268229 0.275694 0.088542 0.143056
1 0.779167 0.706944 0.089583 0.141667
1 0.340104 0.219444 0.090625 0.100000
1 0.153646 0.293056 0.084375 0.077778
1 0.060417 0.334722 0.077083 0.100000
1 0.218229 0.677778 0.119792 0.141667
