1 0.6779685974121094 0.5149506462944878 0.11271864573160807 0.13294893900553387
1 0.2658407688140869 0.2795038859049479 0.09289763768513998 0.11451960669623482
1 0.16998365720113118 0.8006085713704427 0.10343477725982667 0.09833899603949653
1 0.6261693318684896 0.9186069064670139 0.09170169830322265 0.10472420586480034
1 0.7473988850911458 0.8684438069661459 0.08543548583984376 0.0971561008029514
1 0.5999658584594727 0.0871064027150472 0.0954980214436849 0.1471763292948405
1 0.3512292226155599 0.8839467366536459 0.08329629898071289 0.10354877048068577
1 0.2665398597717285 0.8336912367078994 0.08632041613260905 0.08503799438476563
1 0.7760716756184896 0.49287232293023003 0.10210208892822266 0.13889694213867188
1 0.12107381820678711 0.5736377292209202 0.0830204963684082 0.1170159657796224
1 0.7705865224202474 0.2690426296657986 0.10482044219970703 0.08626632690429688
1 0.6379440307617188 0.7541066487630208 0.11729316711425782 0.17397418551974828
1 0.26849956512451173 0.1276897218492296 0.08297224044799804 0.13306007385253907
1 0.6787214914957682 0.5131072998046875 0.11593697865804037 0.1791354709201389
1 0.2622384548187256 0.2763556374443902 0.10542821884155273 0.12847201029459634
1 0.7794048309326171 0.7089118957519531 0.08941300710042317 0.1394994099934896
1 0.34905560811360675 0.20727479722764758 0.07761602401733399 0.12922437455919053
1 0.15176982879638673 0.29421009487575955 0.08436670303344726 0.08009777069091797
