1 0.263021 0.284028 0.107292 0.131944
1 0.169271 0.799306 0.103125 0.098611
1 0.349479 0.883333 0.080208 0.102778
1 0.626042 0.918056 0.091667 0.105556
1 0.746875 0.867361 0.085417 0.098611
1 0.266146 0.831250 0.086458 0.087500
1 0.599479 0.086111 0.094792 0.147222
1 0.770312 0.268056 0.105208 0.086111
1 0.637500 0.753472 0.116667 0.173611
1 0.268229 0.127083 0.082292 0.134722
1 0.119271 0.572917 0.082292 0.115278
1 0.261979 0.276389 0.105208 0.130556
1 0.682292 0.511111 0.122917 0.188889
1 0.774479 0.490972 0.105208 0.137500
1 0.345833 0.208333 0.083333 0.127778
1 0.779167 0.708333 0.089583 0.141667
1 0.150000 0.293056 0.081250 0.077778
