1 0.168750 0.799306 0.104167 0.098611
1 0.348958 0.883333 0.081250 0.102778
1 0.626042 0.918056 0.091667 0.105556
1 0.746875 0.867361 0.085417 0.098611
1 0.266146 0.831250 0.086458 0.087500
1 0.599479 0.086111 0.094792 0.147222
1 0.769792 0.266667 0.104167 0.083333
1 0.118750 0.575000 0.083333 0.119444
1 0.637500 0.753472 0.116667 0.173611
1 0.267708 0.127083 0.083333 0.134722
1 0.682292 0.511111 0.125000 0.191667
1 0.261979 0.276389 0.105208 0.130556
1 0.773958 0.490972 0.106250 0.137500
1 0.346875 0.209722 0.095833 0.127778
1 0.779167 0.708333 0.089583 0.141667
1 0.149479 0.293056 0.082292 0.077778
1 0.064583 0.305556 0.068750 0.075000
