1 0.168229 0.799306 0.103125 0.095833
1 0.626042 0.917361 0.091667 0.104167
1 0.746875 0.867361 0.085417 0.098611
1 0.599479 0.086111 0.094792 0.147222
1 0.118229 0.572222 0.082292 0.113889
1 0.773438 0.490972 0.107292 0.137500
1 0.349479 0.883333 0.082292 0.102778
1 0.679167 0.510417 0.120833 0.193056
1 0.268229 0.127083 0.082292 0.134722
1 0.637500 0.753472 0.116667 0.173611
1 0.261458 0.277778 0.104167 0.133333
1 0.265625 0.832639 0.085417 0.087500
1 0.346875 0.208333 0.085417 0.125000
1 0.779167 0.707639 0.089583 0.137500
1 0.770833 0.275000 0.104167 0.105556
1 0.151042 0.291667 0.075000 0.075000
1 0.214583 0.688194 0.104167 0.120833
