1 0.168229 0.798611 0.103125 0.097222
1 0.626042 0.917361 0.091667 0.104167
1 0.746875 0.867361 0.085417 0.098611
1 0.599479 0.086111 0.094792 0.147222
1 0.774479 0.490972 0.105208 0.137500
1 0.118229 0.571528 0.082292 0.115278
1 0.350000 0.883333 0.083333 0.102778
1 0.636979 0.753472 0.117708 0.173611
1 0.677604 0.510417 0.121875 0.190278
1 0.265104 0.832639 0.086458 0.087500
1 0.268229 0.127083 0.082292 0.134722
1 0.261458 0.277083 0.104167 0.131944
1 0.779167 0.707639 0.089583 0.137500
1 0.345313 0.208333 0.086458 0.130556
1 0.770312 0.276389 0.103125 0.105556
1 0.150521 0.291667 0.076042 0.075000
1 0.216146 0.689583 0.111458 0.123611
