1 0.168229 0.799306 0.101042 0.095833
1 0.626042 0.916667 0.091667 0.105556
1 0.746354 0.865972 0.086458 0.098611
1 0.669792 0.505556 0.108333 0.186111
1 0.597396 0.084722 0.092708 0.150000
1 0.771354 0.493056 0.107292 0.138889
1 0.348958 0.881944 0.083333 0.102778
1 0.116667 0.569444 0.081250 0.113889
1 0.265104 0.830556 0.086458 0.086111
1 0.636458 0.752083 0.116667 0.173611
1 0.260417 0.275694 0.104167 0.131944
1 0.347917 0.213889 0.093750 0.113889
1 0.778646 0.705556 0.088542 0.133333
1 0.770833 0.279167 0.104167 0.105556
1 0.150000 0.291667 0.077083 0.075000
1 0.219792 0.686806 0.122917 0.123611
1 0.258333 0.129861 0.097917 0.145833
1 0.221875 0.684028 0.118750 0.120833
