1 0.747396 0.868056 0.086458 0.097222
1 0.169271 0.800000 0.101042 0.097222
1 0.626042 0.917361 0.091667 0.104167
1 0.771354 0.493056 0.109375 0.138889
1 0.596875 0.085417 0.091667 0.148611
1 0.669792 0.506250 0.102083 0.187500
1 0.268229 0.127083 0.082292 0.134722
1 0.118229 0.572222 0.082292 0.116667
1 0.349479 0.883333 0.082292 0.102778
1 0.639062 0.752083 0.117708 0.170833
1 0.265104 0.832639 0.086458 0.087500
1 0.345833 0.209028 0.093750 0.123611
1 0.260937 0.279167 0.105208 0.138889
1 0.779687 0.705556 0.086458 0.133333
1 0.770312 0.279861 0.103125 0.106944
1 0.154688 0.290972 0.086458 0.076389
1 0.216146 0.690278 0.107292 0.122222
