1 0.169271 0.799306 0.103125 0.098611
1 0.261458 0.268056 0.097917 0.180556
1 0.744792 0.866667 0.085417 0.094444
1 0.626042 0.916667 0.091667 0.105556
1 0.119271 0.572917 0.082292 0.115278
1 0.268750 0.126389 0.081250 0.136111
1 0.669271 0.505556 0.098958 0.186111
1 0.266146 0.833333 0.086458 0.086111
1 0.770312 0.490972 0.109375 0.137500
1 0.347917 0.208333 0.087500 0.127778
1 0.638542 0.750694 0.118750 0.170833
1 0.596354 0.086806 0.092708 0.151389
1 0.351042 0.881944 0.087500 0.105556
1 0.767708 0.263194 0.097917 0.087500
1 0.778125 0.706250 0.085417 0.137500
1 0.150521 0.293750 0.076042 0.068056
