1 0.169271 0.800000 0.103125 0.097222
1 0.260937 0.268750 0.101042 0.179167
1 0.626042 0.917361 0.091667 0.104167
1 0.348958 0.883333 0.081250 0.102778
1 0.269271 0.127083 0.082292 0.137500
1 0.119792 0.573611 0.083333 0.113889
1 0.745313 0.868056 0.084375 0.097222
1 0.265625 0.831944 0.087500 0.086111
1 0.771354 0.493056 0.109375 0.138889
1 0.669271 0.506250 0.098958 0.187500
1 0.596354 0.086111 0.090625 0.150000
1 0.638542 0.751389 0.116667 0.172222
1 0.345833 0.212500 0.083333 0.119444
1 0.767188 0.264583 0.098958 0.087500
1 0.777604 0.706944 0.086458 0.136111
