1 0.100000 0.258333 0.106250 0.105556
1 0.168750 0.800000 0.102083 0.097222
1 0.119792 0.573611 0.083333 0.113889
1 0.261458 0.268750 0.100000 0.179167
1 0.626042 0.917361 0.091667 0.104167
1 0.269271 0.126389 0.082292 0.138889
1 0.745313 0.868056 0.084375 0.097222
1 0.349479 0.883333 0.082292 0.102778
1 0.771875 0.493056 0.110417 0.138889
1 0.265625 0.831250 0.085417 0.084722
1 0.768229 0.263889 0.098958 0.086111
1 0.668750 0.506250 0.100000 0.187500
1 0.596354 0.086111 0.090625 0.147222
1 0.349479 0.209722 0.080208 0.125000
1 0.638542 0.751389 0.116667 0.172222
1 0.777604 0.706944 0.086458 0.136111
2 0.084375 0.231944 0.006250 0.016667
0 0.100000 0.258333 0.106250 0.105556
