0 0.109375 0.243056 0.095833 0.111111
2 0.101042 0.213194 0.010417 0.018056
1 0.262500 0.268750 0.097917 0.179167
1 0.119271 0.573611 0.082292 0.113889
1 0.168229 0.800694 0.101042 0.098611
1 0.269271 0.126389 0.082292 0.138889
1 0.626042 0.917361 0.091667 0.104167
1 0.745833 0.868056 0.085417 0.097222
1 0.771875 0.493056 0.110417 0.138889
1 0.768229 0.263889 0.098958 0.086111
1 0.668750 0.506250 0.100000 0.187500
1 0.350000 0.883333 0.083333 0.102778
1 0.596354 0.086111 0.090625 0.147222
1 0.347917 0.211806 0.089583 0.123611
1 0.638542 0.751389 0.116667 0.172222
1 0.265625 0.831944 0.085417 0.086111
1 0.777604 0.706944 0.086458 0.136111
1 0.155208 0.287500 0.075000 0.075000
1 0.109375 0.243056 0.095833 0.111111
1 0.217708 0.670139 0.091667 0.129167
