1 0.126042 0.229167 0.087500 0.130556
1 0.628125 0.918056 0.087500 0.105556
1 0.263021 0.268056 0.094792 0.177778
1 0.268750 0.125694 0.083333 0.137500
1 0.117708 0.572222 0.083333 0.113889
1 0.767708 0.263889 0.097917 0.086111
1 0.745313 0.868056 0.084375 0.097222
1 0.771354 0.491667 0.111458 0.141667
1 0.668229 0.505556 0.101042 0.186111
1 0.595313 0.085417 0.092708 0.148611
1 0.345833 0.211806 0.085417 0.129167
1 0.638542 0.750694 0.116667 0.170833
1 0.349479 0.881944 0.082292 0.105556
1 0.166667 0.801389 0.100000 0.097222
1 0.265104 0.832639 0.086458 0.087500
1 0.776042 0.705556 0.087500 0.133333
0 0.126042 0.229167 0.087500 0.130556
2 0.124479 0.186806 0.007292 0.018056
1 0.221354 0.679167 0.082292 0.111111
