1 0.152083 0.199306 0.133333 0.095833
0 0.152083 0.199306 0.133333 0.098611
2 0.132292 0.172917 0.008333 0.018056
1 0.628125 0.918056 0.087500 0.102778
1 0.263542 0.268056 0.095833 0.175000
1 0.268229 0.126389 0.082292 0.136111
1 0.166667 0.799306 0.100000 0.098611
1 0.745313 0.868056 0.084375 0.097222
1 0.116667 0.572917 0.081250 0.112500
1 0.767708 0.263889 0.097917 0.086111
1 0.772396 0.491667 0.109375 0.141667
1 0.349479 0.881944 0.082292 0.105556
1 0.638542 0.750694 0.116667 0.170833
1 0.347396 0.216667 0.086458 0.122222
1 0.595313 0.084028 0.092708 0.151389
1 0.265104 0.830556 0.086458 0.086111
1 0.667708 0.505556 0.102083 0.188889
1 0.777604 0.707639 0.086458 0.137500
1 0.220833 0.688194 0.091667 0.104167
