0 0.202083 0.178472 0.108333 0.131944
1 0.203125 0.177778 0.108333 0.130556
1 0.264583 0.271528 0.095833 0.170833
1 0.745833 0.868750 0.083333 0.098611
1 0.168750 0.800000 0.102083 0.097222
1 0.626042 0.917361 0.091667 0.104167
1 0.118750 0.573611 0.083333 0.113889
1 0.268229 0.126389 0.084375 0.136111
1 0.772917 0.493056 0.108333 0.138889
1 0.767708 0.263889 0.097917 0.083333
1 0.350000 0.882639 0.081250 0.101389
1 0.638542 0.752083 0.116667 0.170833
1 0.348438 0.209722 0.084375 0.122222
1 0.265625 0.831250 0.085417 0.084722
1 0.593229 0.085417 0.092708 0.148611
1 0.668750 0.506250 0.100000 0.187500
1 0.776042 0.706250 0.087500 0.137500
1 0.220312 0.676389 0.098958 0.122222
2 0.198437 0.148611 0.011458 0.019444
