1 0.772396 0.493750 0.109375 0.137500
1 0.672917 0.487500 0.114583 0.169444
1 0.169271 0.799306 0.105208 0.098611
1 0.347396 0.882639 0.076042 0.104167
1 0.775521 0.707639 0.086458 0.129167
1 0.626042 0.916667 0.093750 0.105556
1 0.118750 0.574306 0.083333 0.115278
1 0.265625 0.831250 0.085417 0.087500
1 0.598958 0.086806 0.093750 0.143056
1 0.648958 0.737500 0.114583 0.150000
1 0.746875 0.868056 0.083333 0.100000
1 0.219792 0.684028 0.114583 0.131944
1 0.270833 0.125000 0.081250 0.136111
1 0.768750 0.266667 0.102083 0.080556
1 0.347917 0.218750 0.072917 0.104167
1 0.268750 0.275694 0.081250 0.154167
1 0.065104 0.337500 0.073958 0.111111
1 0.150521 0.291667 0.078125 0.077778
