1 0.168750 0.800000 0.102083 0.097222
1 0.626042 0.917361 0.091667 0.104167
1 0.747396 0.867361 0.086458 0.098611
1 0.672396 0.508333 0.107292 0.183333
1 0.772396 0.493056 0.107292 0.138889
1 0.118229 0.571528 0.082292 0.112500
1 0.597396 0.086111 0.090625 0.147222
1 0.349479 0.883333 0.082292 0.102778
1 0.265625 0.831944 0.085417 0.086111
1 0.637500 0.752778 0.118750 0.172222
1 0.261458 0.277083 0.102083 0.131944
1 0.349479 0.207639 0.080208 0.129167
1 0.778646 0.705556 0.088542 0.133333
1 0.771354 0.279861 0.105208 0.106944
1 0.150521 0.291667 0.076042 0.075000
1 0.271875 0.112500 0.081250 0.108333
1 0.242708 0.130556 0.095833 0.108333
