1 0.167187 0.797917 0.103125 0.095833
1 0.626042 0.916667 0.091667 0.105556
1 0.746354 0.865972 0.086458 0.098611
1 0.598958 0.084722 0.095833 0.147222
1 0.773958 0.489583 0.104167 0.137500
1 0.117708 0.571528 0.083333 0.115278
1 0.349479 0.881944 0.082292 0.102778
1 0.636458 0.752083 0.116667 0.173611
1 0.676562 0.510417 0.121875 0.190278
1 0.264583 0.832639 0.085417 0.087500
1 0.267708 0.125694 0.083333 0.134722
1 0.779167 0.707639 0.089583 0.137500
1 0.347917 0.205556 0.077083 0.133333
1 0.769271 0.275694 0.103125 0.106944
1 0.150000 0.291667 0.077083 0.075000
1 0.263021 0.275694 0.094792 0.118056
1 0.330208 0.084722 0.093750 0.147222
