1 0.169271 0.799306 0.103125 0.098611
1 0.350000 0.883333 0.081250 0.102778
1 0.626042 0.918056 0.091667 0.105556
1 0.746875 0.867361 0.085417 0.098611
1 0.266146 0.831944 0.086458 0.086111
1 0.599479 0.086111 0.094792 0.147222
1 0.119271 0.573611 0.082292 0.116667
1 0.770312 0.268056 0.105208 0.086111
1 0.637500 0.753472 0.116667 0.173611
1 0.268229 0.127083 0.082292 0.134722
1 0.773958 0.490972 0.106250 0.137500
1 0.779167 0.708333 0.089583 0.141667
1 0.348438 0.206250 0.078125 0.129167
1 0.150521 0.292361 0.078125 0.076389
1 0.063542 0.276389 0.060417 0.058333
1 0.682292 0.525000 0.118750 0.127778
1 0.264062 0.280556 0.101042 0.122222
