1 0.168750 0.799306 0.102083 0.098611
1 0.626042 0.917361 0.091667 0.104167
1 0.746875 0.867361 0.085417 0.095833
1 0.349479 0.883333 0.082292 0.102778
1 0.119271 0.572222 0.082292 0.116667
1 0.266146 0.831944 0.086458 0.086111
1 0.668229 0.497222 0.103125 0.169444
1 0.268229 0.126389 0.082292 0.133333
1 0.771354 0.493056 0.109375 0.138889
1 0.596875 0.085417 0.091667 0.148611
1 0.639062 0.752083 0.117708 0.170833
1 0.347917 0.207639 0.079167 0.129167
1 0.777083 0.706944 0.085417 0.133333
1 0.770312 0.280556 0.103125 0.108333
1 0.151042 0.292361 0.079167 0.076389
1 0.262500 0.280556 0.095833 0.136111
