1 0.169271 0.799306 0.103125 0.098611
1 0.349479 0.883333 0.080208 0.102778
1 0.626042 0.918056 0.091667 0.105556
1 0.119792 0.573611 0.085417 0.116667
1 0.266146 0.831944 0.086458 0.086111
1 0.599479 0.086806 0.094792 0.145833
1 0.772396 0.492361 0.107292 0.140278
1 0.674479 0.508333 0.111458 0.183333
1 0.746875 0.868056 0.085417 0.097222
1 0.268229 0.127083 0.084375 0.134722
1 0.769792 0.267361 0.104167 0.084722
1 0.637500 0.753472 0.116667 0.173611
1 0.263021 0.276389 0.101042 0.133333
1 0.779167 0.708333 0.089583 0.138889
1 0.348958 0.205556 0.077083 0.130556
1 0.154688 0.291667 0.078125 0.075000
1 0.048438 0.344444 0.071875 0.077778
