1 0.263542 0.269444 0.095833 0.175000
1 0.626042 0.917361 0.091667 0.104167
1 0.268750 0.126389 0.083333 0.136111
1 0.167708 0.800694 0.100000 0.098611
1 0.746354 0.868056 0.084375 0.097222
1 0.117708 0.572917 0.081250 0.112500
1 0.768229 0.263889 0.098958 0.086111
1 0.772396 0.492361 0.109375 0.140278
1 0.350000 0.882639 0.083333 0.104167
1 0.638542 0.751389 0.116667 0.172222
1 0.349479 0.209722 0.080208 0.125000
1 0.595313 0.084028 0.092708 0.151389
1 0.265625 0.831944 0.085417 0.086111
1 0.668229 0.505556 0.101042 0.188889
1 0.778125 0.707639 0.087500 0.137500
1 0.221354 0.688889 0.092708 0.102778
1 0.152604 0.200000 0.132292 0.097222
1 0.224479 0.676389 0.092708 0.122222
0 0.152604 0.199306 0.132292 0.098611
2 0.132292 0.173611 0.008333 0.019444
