1 0.265104 0.270139 0.094792 0.173611
1 0.168750 0.799306 0.102083 0.098611
1 0.626042 0.917361 0.091667 0.104167
1 0.269792 0.125694 0.083333 0.134722
1 0.745313 0.868750 0.084375 0.098611
1 0.118750 0.572917 0.083333 0.112500
1 0.349479 0.882639 0.082292 0.104167
1 0.768229 0.263889 0.098958 0.083333
1 0.772917 0.492361 0.108333 0.140278
1 0.638542 0.751389 0.116667 0.172222
1 0.350000 0.210417 0.081250 0.123611
1 0.265625 0.830556 0.085417 0.086111
1 0.668750 0.506250 0.100000 0.187500
1 0.593750 0.085417 0.091667 0.148611
1 0.777083 0.705556 0.087500 0.136111
1 0.223958 0.675694 0.089583 0.118056
1 0.180208 0.170139 0.100000 0.109722
0 0.180208 0.170139 0.100000 0.109722
2 0.179167 0.142361 0.008333 0.015278
