1 0.169271 0.798611 0.105208 0.100000
1 0.347917 0.881944 0.077083 0.102778
1 0.772396 0.493750 0.109375 0.137500
1 0.626042 0.916667 0.093750 0.105556
1 0.675000 0.499306 0.110417 0.195833
1 0.265625 0.831250 0.085417 0.087500
1 0.118750 0.574306 0.083333 0.115278
1 0.746875 0.868750 0.083333 0.098611
1 0.269792 0.126389 0.083333 0.133333
1 0.598958 0.086111 0.093750 0.147222
1 0.219271 0.683333 0.115625 0.133333
1 0.768750 0.266667 0.102083 0.080556
1 0.642188 0.750000 0.119792 0.169444
1 0.347917 0.219444 0.072917 0.102778
1 0.269271 0.276389 0.084375 0.150000
1 0.065104 0.340278 0.076042 0.102778
1 0.777083 0.707639 0.087500 0.131944
1 0.151042 0.291667 0.079167 0.077778
