1 0.263021 0.268056 0.096875 0.180556
1 0.118229 0.572222 0.082292 0.113889
1 0.268750 0.126389 0.083333 0.138889
1 0.626042 0.916667 0.091667 0.105556
1 0.167708 0.799306 0.102083 0.098611
1 0.744792 0.868056 0.085417 0.097222
1 0.771354 0.493056 0.111458 0.138889
1 0.767708 0.263889 0.097917 0.086111
1 0.668229 0.506250 0.101042 0.187500
1 0.595313 0.085417 0.090625 0.148611
1 0.638542 0.750694 0.116667 0.170833
1 0.348438 0.208333 0.080208 0.125000
1 0.349479 0.881944 0.082292 0.102778
1 0.265104 0.832639 0.086458 0.087500
1 0.776042 0.705556 0.087500 0.136111
1 0.110417 0.243056 0.085417 0.125000
0 0.110417 0.245139 0.085417 0.123611
2 0.105729 0.202778 0.007292 0.016667
1 0.216667 0.677083 0.100000 0.093056
