1 0.168750 0.799306 0.104167 0.098611
1 0.626042 0.918056 0.091667 0.105556
1 0.349479 0.883333 0.082292 0.102778
1 0.746875 0.867361 0.085417 0.098611
1 0.769792 0.264583 0.102083 0.084722
1 0.599479 0.086111 0.094792 0.147222
1 0.266146 0.831250 0.086458 0.087500
1 0.118750 0.574306 0.083333 0.118056
1 0.268229 0.127083 0.082292 0.134722
1 0.637500 0.753472 0.116667 0.173611
1 0.773438 0.490972 0.107292 0.137500
1 0.680208 0.509722 0.129167 0.163889
1 0.262500 0.277778 0.104167 0.133333
1 0.348438 0.206944 0.078125 0.127778
1 0.779167 0.707639 0.089583 0.140278
1 0.151042 0.291667 0.081250 0.075000
1 0.053646 0.308333 0.061458 0.061111
