1 0.5833112716674804 0.17162869771321615 0.1096891721089681 0.2254026624891493
0 0.5832810719807943 0.17124330732557508 0.11015357971191406 0.22471016777886285
1 0.6286439259847005 0.9201149834526909 0.08603585561116536 0.10098851521809896
0 0.19242982864379882 0.2547602335611979 0.07503986358642578 0.11074816385904948
1 0.3857598304748535 0.20347995758056642 0.12226250966389975 0.1550416310628255
1 0.1922479311625163 0.2551155090332031 0.07584247589111329 0.10968297322591146
1 0.26658239364624026 0.2918275621202257 0.10407478014628092 0.15291864607069228
2 0.5966449737548828 0.14413703282674153 0.016421000162760418 0.014623578389485676
2 0.5983192443847656 0.1411118507385254 0.01873493194580078 0.012709554036458333
2 0.20290652910868326 0.22952338324652777 0.008951663970947266 0.01615899403889974
