1 0.169271 0.799306 0.103125 0.098611
1 0.261979 0.268750 0.098958 0.179167
1 0.745833 0.867361 0.085417 0.095833
1 0.626042 0.917361 0.091667 0.104167
1 0.119271 0.572917 0.082292 0.115278
1 0.268750 0.126389 0.081250 0.136111
1 0.669271 0.506944 0.098958 0.186111
1 0.266146 0.834722 0.086458 0.086111
1 0.771354 0.492361 0.109375 0.137500
1 0.348958 0.209028 0.077083 0.126389
1 0.638542 0.752083 0.118750 0.170833
1 0.596875 0.086806 0.091667 0.151389
1 0.351042 0.883333 0.087500 0.105556
1 0.768229 0.264583 0.098958 0.087500
1 0.778646 0.706250 0.086458 0.137500
