1 0.168229 0.799306 0.103125 0.095833
1 0.626042 0.918056 0.091667 0.105556
1 0.746875 0.867361 0.085417 0.098611
1 0.349479 0.883333 0.082292 0.102778
1 0.118750 0.572917 0.083333 0.115278
1 0.769792 0.262500 0.102083 0.083333
1 0.599479 0.086806 0.094792 0.148611
1 0.266146 0.831250 0.086458 0.087500
1 0.268229 0.127083 0.082292 0.134722
1 0.637500 0.753472 0.116667 0.173611
1 0.267188 0.277083 0.103125 0.134722
1 0.682292 0.509028 0.125000 0.162500
1 0.773958 0.490972 0.106250 0.137500
1 0.348438 0.206944 0.078125 0.130556
1 0.779167 0.707639 0.089583 0.140278
1 0.150521 0.290972 0.078125 0.073611
1 0.048438 0.313194 0.051042 0.045833
