1 0.169271 0.799306 0.103125 0.098611
1 0.261979 0.268750 0.098958 0.179167
1 0.626042 0.917361 0.091667 0.104167
1 0.119271 0.573611 0.082292 0.113889
1 0.269271 0.126389 0.082292 0.138889
1 0.745313 0.867361 0.084375 0.095833
1 0.265625 0.831944 0.087500 0.086111
1 0.350000 0.883333 0.083333 0.102778
1 0.771354 0.493056 0.109375 0.138889
1 0.669792 0.506250 0.100000 0.187500
1 0.638542 0.751389 0.116667 0.172222
1 0.350000 0.209722 0.079167 0.125000
1 0.596354 0.086111 0.090625 0.150000
1 0.767708 0.264583 0.097917 0.087500
1 0.777604 0.706944 0.086458 0.136111
1 0.148958 0.289583 0.075000 0.070833
