1 0.167187 0.799306 0.103125 0.095833
1 0.626042 0.916667 0.091667 0.105556
1 0.746354 0.865972 0.086458 0.098611
1 0.773438 0.491667 0.107292 0.138889
1 0.597917 0.084722 0.095833 0.150000
1 0.117708 0.569444 0.083333 0.113889
1 0.349479 0.881944 0.082292 0.102778
1 0.636458 0.752083 0.116667 0.173611
1 0.672917 0.510417 0.112500 0.181944
1 0.264583 0.832639 0.085417 0.087500
1 0.348438 0.206944 0.078125 0.127778
1 0.779167 0.706944 0.089583 0.138889
1 0.769792 0.277778 0.104167 0.105556
1 0.265104 0.127083 0.080208 0.134722
1 0.150000 0.291667 0.077083 0.075000
1 0.263021 0.274306 0.094792 0.131944
1 0.311458 0.088889 0.129167 0.150000
