1 0.169271 0.797222 0.103125 0.100000
1 0.347396 0.880556 0.078125 0.102778
1 0.625521 0.918056 0.092708 0.105556
1 0.673438 0.499306 0.109375 0.195833
1 0.265104 0.831250 0.086458 0.087500
1 0.745313 0.868056 0.084375 0.100000
1 0.772917 0.493750 0.108333 0.137500
1 0.597917 0.084722 0.093750 0.147222
1 0.119271 0.574306 0.082292 0.115278
1 0.768229 0.266667 0.101042 0.080556
1 0.638021 0.752778 0.115625 0.172222
1 0.219792 0.683333 0.116667 0.136111
1 0.268229 0.125694 0.086458 0.131944
1 0.778646 0.706944 0.088542 0.138889
1 0.347917 0.219444 0.072917 0.100000
1 0.267188 0.274306 0.088542 0.131944
1 0.063021 0.330556 0.073958 0.088889
1 0.148958 0.290972 0.083333 0.073611
