1 0.264062 0.269444 0.094792 0.175000
1 0.746354 0.869444 0.084375 0.097222
1 0.168750 0.799306 0.102083 0.098611
1 0.626042 0.917361 0.091667 0.104167
1 0.348958 0.882639 0.081250 0.104167
1 0.269271 0.127083 0.084375 0.134722
1 0.118750 0.572917 0.081250 0.112500
1 0.768229 0.264583 0.098958 0.084722
1 0.772396 0.492361 0.107292 0.140278
1 0.638542 0.751389 0.116667 0.172222
1 0.349479 0.211111 0.080208 0.122222
1 0.668750 0.506250 0.100000 0.187500
1 0.265625 0.830556 0.085417 0.086111
1 0.593750 0.086111 0.091667 0.147222
1 0.217708 0.677083 0.102083 0.120833
1 0.776563 0.705556 0.088542 0.136111
1 0.171875 0.186806 0.104167 0.109722
0 0.171875 0.186111 0.104167 0.108333
2 0.164583 0.147917 0.006250 0.015278
