1 0.169271 0.800000 0.101042 0.097222
1 0.626042 0.917361 0.091667 0.104167
1 0.748437 0.868056 0.088542 0.097222
1 0.771875 0.493056 0.108333 0.138889
1 0.672396 0.507639 0.111458 0.184722
1 0.596875 0.085417 0.091667 0.148611
1 0.640104 0.752083 0.117708 0.170833
1 0.118229 0.571528 0.082292 0.115278
1 0.349479 0.883333 0.082292 0.102778
1 0.267708 0.127083 0.083333 0.131944
1 0.347917 0.207639 0.079167 0.126389
1 0.265625 0.832639 0.085417 0.087500
1 0.778125 0.705556 0.089583 0.130556
1 0.771354 0.279167 0.105208 0.105556
1 0.151562 0.291667 0.080208 0.075000
1 0.262500 0.275000 0.095833 0.125000
1 0.176042 0.166667 0.102083 0.102778
