1 0.506250 0.129167 0.075000 0.255556
0 0.505208 0.129167 0.077083 0.255556
1 0.629167 0.947917 0.095833 0.101389
1 0.347917 0.204167 0.091667 0.130556
2 0.526042 0.088194 0.014583 0.012500
1 0.270313 0.121528 0.084375 0.140278
1 0.744792 0.866667 0.081250 0.094444
1 0.265625 0.279167 0.102083 0.130556
1 0.770312 0.493056 0.109375 0.133333
1 0.776042 0.705556 0.085417 0.130556
1 0.345833 0.874306 0.077083 0.090278
1 0.163021 0.799306 0.088542 0.090278
1 0.134896 0.295139 0.048958 0.090278
1 0.766146 0.277083 0.092708 0.101389
1 0.269271 0.857639 0.071875 0.101389
1 0.191667 0.280556 0.058333 0.105556
1 0.639062 0.704167 0.159375 0.233333
