0 0.540104 0.211806 0.096875 0.287500
1 0.540104 0.211806 0.096875 0.290278
1 0.629687 0.947917 0.094792 0.101389
1 0.346875 0.216667 0.091667 0.119444
2 0.559896 0.172222 0.019792 0.016667
1 0.270313 0.122917 0.084375 0.143056
1 0.267708 0.277778 0.102083 0.122222
1 0.346875 0.874306 0.075000 0.090278
1 0.163021 0.801389 0.088542 0.091667
1 0.745833 0.867361 0.081250 0.095833
1 0.771354 0.494444 0.109375 0.136111
1 0.777604 0.705556 0.084375 0.130556
1 0.148438 0.288889 0.069792 0.080556
1 0.766146 0.279167 0.092708 0.102778
1 0.636979 0.709722 0.161458 0.222222
1 0.266667 0.853472 0.070833 0.118056
