0 0.568750 0.279167 0.108333 0.247222
1 0.568229 0.279861 0.109375 0.245833
1 0.630208 0.947917 0.095833 0.101389
2 0.588021 0.272222 0.019792 0.019444
1 0.270313 0.122222 0.084375 0.141667
1 0.343750 0.211111 0.091667 0.125000
1 0.266667 0.278472 0.100000 0.126389
1 0.771354 0.495139 0.109375 0.134722
1 0.345833 0.875000 0.077083 0.091667
1 0.777083 0.706250 0.085417 0.129167
1 0.745833 0.867361 0.081250 0.095833
1 0.163021 0.801389 0.088542 0.091667
1 0.146354 0.287500 0.069792 0.083333
1 0.766146 0.274306 0.094792 0.095833
1 0.265625 0.861111 0.075000 0.113889
1 0.634896 0.715278 0.157292 0.205556
