0 0.521354 0.893056 0.092708 0.208333
1 0.520312 0.893056 0.090625 0.211111
1 0.619271 0.946528 0.067708 0.104167
1 0.341667 0.210417 0.089583 0.131944
1 0.268750 0.268056 0.089583 0.119444
2 0.507292 0.959028 0.018750 0.015278
1 0.270313 0.118056 0.082292 0.141667
1 0.769792 0.493056 0.108333 0.133333
1 0.163021 0.799306 0.090625 0.093056
1 0.151042 0.290278 0.081250 0.072222
1 0.776042 0.705556 0.083333 0.130556
1 0.345313 0.877778 0.080208 0.094444
1 0.763021 0.264583 0.090625 0.081944
1 0.746354 0.868056 0.080208 0.094444
1 0.273438 0.861806 0.069792 0.101389
1 0.197396 0.252778 0.071875 0.100000
1 0.628125 0.735417 0.131250 0.181944
1 0.673958 0.717361 0.108333 0.179167
