0 0.519271 0.888194 0.090625 0.215278
1 0.518229 0.890278 0.092708 0.216667
1 0.619271 0.946528 0.067708 0.104167
1 0.341667 0.206944 0.087500 0.133333
1 0.270313 0.263194 0.086458 0.120833
2 0.503646 0.945139 0.017708 0.015278
1 0.268750 0.118056 0.083333 0.141667
1 0.769792 0.493056 0.108333 0.133333
1 0.163021 0.799306 0.090625 0.093056
1 0.776042 0.705556 0.083333 0.130556
1 0.151042 0.288889 0.079167 0.072222
1 0.763542 0.265278 0.091667 0.083333
1 0.344792 0.877778 0.079167 0.094444
1 0.746354 0.868056 0.080208 0.094444
1 0.276042 0.868056 0.068750 0.119444
1 0.626042 0.726389 0.135417 0.188889
1 0.670312 0.720139 0.113542 0.173611
