0 0.541667 0.791667 0.102083 0.272222
1 0.541146 0.790972 0.103125 0.270833
1 0.619792 0.946528 0.066667 0.104167
1 0.347396 0.200694 0.080208 0.137500
1 0.270313 0.263194 0.086458 0.140278
2 0.539062 0.813889 0.021875 0.016667
1 0.270833 0.118750 0.083333 0.140278
1 0.770833 0.493750 0.108333 0.134722
1 0.345833 0.875694 0.079167 0.090278
1 0.777083 0.705556 0.083333 0.130556
1 0.154167 0.288889 0.085417 0.072222
1 0.163542 0.800000 0.087500 0.091667
1 0.764062 0.265972 0.092708 0.081944
1 0.746875 0.869444 0.079167 0.094444
1 0.626042 0.733333 0.127083 0.175000
1 0.668750 0.715278 0.114583 0.158333
1 0.197917 0.246528 0.081250 0.090278
1 0.273958 0.872917 0.072917 0.104167
1 0.218750 0.614583 0.106250 0.134722
