1 0.173958 0.176389 0.097917 0.108333
0 0.174479 0.175694 0.098958 0.106944
1 0.266146 0.274306 0.094792 0.162500
1 0.224479 0.676389 0.094792 0.113889
2 0.170313 0.145139 0.007292 0.015278
1 0.746354 0.868750 0.084375 0.098611
1 0.168750 0.799306 0.102083 0.098611
1 0.626042 0.917361 0.091667 0.104167
1 0.269271 0.127083 0.084375 0.134722
1 0.348958 0.882639 0.081250 0.104167
1 0.118750 0.573611 0.083333 0.113889
1 0.768229 0.264583 0.098958 0.084722
1 0.772396 0.492361 0.107292 0.140278
1 0.638542 0.751389 0.116667 0.172222
1 0.350000 0.211111 0.081250 0.122222
1 0.265625 0.830556 0.085417 0.086111
1 0.667188 0.499306 0.103125 0.173611
1 0.593750 0.085417 0.091667 0.148611
1 0.777083 0.705556 0.087500 0.136111
