0 0.556771 0.738194 0.115625 0.248611
1 0.557292 0.740278 0.116667 0.247222
1 0.618750 0.946528 0.068750 0.104167
1 0.269792 0.263194 0.089583 0.140278
2 0.554688 0.746528 0.023958 0.020833
1 0.347917 0.199306 0.081250 0.145833
1 0.270313 0.118056 0.082292 0.141667
1 0.769792 0.493056 0.110417 0.133333
1 0.152604 0.288889 0.086458 0.072222
1 0.344792 0.874306 0.079167 0.090278
1 0.776563 0.705556 0.084375 0.130556
1 0.763542 0.264583 0.091667 0.081944
1 0.163021 0.799306 0.086458 0.093056
1 0.746354 0.868056 0.080208 0.094444
1 0.276562 0.868056 0.065625 0.108333
1 0.220312 0.614583 0.094792 0.120833
1 0.673958 0.720833 0.112500 0.166667
1 0.629687 0.733333 0.126042 0.166667
