1 0.561458 0.112500 0.091667 0.222222
0 0.561979 0.113194 0.090625 0.223611
1 0.618750 0.947222 0.068750 0.102778
1 0.380729 0.201389 0.115625 0.141667
2 0.576042 0.081944 0.016667 0.019444
1 0.270833 0.120833 0.085417 0.141667
1 0.266146 0.285417 0.096875 0.143056
1 0.770833 0.493750 0.110417 0.134722
1 0.168750 0.800000 0.100000 0.097222
1 0.777083 0.704861 0.085417 0.129167
1 0.766667 0.272222 0.087500 0.094444
1 0.345833 0.877083 0.081250 0.093056
1 0.141667 0.286111 0.064583 0.083333
1 0.746354 0.870833 0.078125 0.094444
1 0.615625 0.750000 0.122917 0.205556
1 0.668750 0.720833 0.106250 0.166667
1 0.200000 0.268750 0.072917 0.087500
1 0.281250 0.870139 0.075000 0.112500
