1 0.560417 0.220833 0.100000 0.277778
0 0.560417 0.220833 0.100000 0.277778
1 0.381771 0.205556 0.113542 0.130556
1 0.618750 0.947222 0.068750 0.102778
2 0.575000 0.175694 0.018750 0.018056
1 0.266667 0.261111 0.093750 0.094444
1 0.270833 0.120833 0.085417 0.141667
1 0.770833 0.493056 0.110417 0.136111
1 0.168750 0.800694 0.100000 0.098611
1 0.344271 0.876389 0.082292 0.091667
1 0.777604 0.704167 0.086458 0.130556
1 0.763542 0.265972 0.091667 0.081944
1 0.270313 0.853472 0.073958 0.101389
1 0.745833 0.871528 0.079167 0.095833
1 0.618229 0.738889 0.134375 0.177778
1 0.673958 0.715972 0.108333 0.173611
1 0.199479 0.296528 0.063542 0.140278
