0 0.572396 0.252778 0.107292 0.244444
1 0.572396 0.252778 0.107292 0.244444
1 0.618750 0.945833 0.068750 0.102778
1 0.380729 0.203472 0.113542 0.134722
2 0.588542 0.225694 0.020833 0.020833
1 0.268229 0.260417 0.090625 0.093056
1 0.270833 0.119444 0.085417 0.141667
1 0.168750 0.799306 0.100000 0.098611
1 0.769792 0.493056 0.110417 0.136111
1 0.344271 0.875694 0.082292 0.093056
1 0.777083 0.704167 0.085417 0.130556
1 0.765625 0.269444 0.087500 0.091667
1 0.270313 0.857639 0.073958 0.112500
1 0.744792 0.871528 0.079167 0.095833
1 0.145833 0.288889 0.066667 0.077778
1 0.622396 0.736111 0.134375 0.169444
1 0.676042 0.718056 0.112500 0.163889
1 0.200521 0.297222 0.063542 0.141667
