1 0.528646 0.880556 0.103125 0.230556
0 0.528646 0.880556 0.103125 0.230556
1 0.763021 0.239583 0.084375 0.120833
1 0.618750 0.946528 0.068750 0.104167
1 0.376042 0.209028 0.150000 0.131944
2 0.522917 0.943056 0.020833 0.019444
1 0.270313 0.119444 0.082292 0.141667
1 0.267708 0.280556 0.091667 0.144444
1 0.770312 0.493056 0.109375 0.133333
1 0.777083 0.702083 0.085417 0.129167
1 0.161458 0.799306 0.085417 0.090278
1 0.146354 0.289583 0.073958 0.076389
1 0.745313 0.869444 0.080208 0.094444
1 0.351562 0.911806 0.071875 0.154167
1 0.279167 0.872917 0.070833 0.129167
1 0.205729 0.254167 0.080208 0.091667
