1 0.532292 0.841667 0.102083 0.280556
0 0.532813 0.841667 0.103125 0.280556
1 0.619271 0.946528 0.067708 0.104167
1 0.377604 0.203472 0.148958 0.134722
1 0.763021 0.239583 0.084375 0.126389
2 0.524479 0.883333 0.021875 0.019444
1 0.267188 0.281944 0.090625 0.144444
1 0.270313 0.119444 0.084375 0.141667
1 0.770312 0.493056 0.109375 0.133333
1 0.345313 0.895833 0.078125 0.113889
1 0.777083 0.702083 0.085417 0.129167
1 0.160417 0.799306 0.085417 0.090278
1 0.143750 0.290278 0.068750 0.075000
1 0.744792 0.869444 0.079167 0.094444
1 0.207292 0.254861 0.079167 0.084722
1 0.272396 0.870139 0.078125 0.118056
