1 0.547917 0.806250 0.108333 0.240278
0 0.547917 0.806944 0.108333 0.241667
1 0.386979 0.188194 0.126042 0.173611
1 0.619271 0.946528 0.067708 0.104167
1 0.762500 0.241667 0.083333 0.125000
2 0.541146 0.819444 0.023958 0.019444
1 0.268229 0.281250 0.090625 0.143056
1 0.270833 0.119444 0.083333 0.141667
1 0.771354 0.493750 0.109375 0.134722
1 0.345833 0.884722 0.075000 0.091667
1 0.777604 0.703472 0.086458 0.131944
1 0.163021 0.800694 0.088542 0.090278
1 0.144792 0.292361 0.066667 0.070833
1 0.745313 0.870139 0.080208 0.095833
1 0.203125 0.258333 0.079167 0.108333
1 0.275000 0.867361 0.075000 0.112500
