0 0.555729 0.755556 0.109375 0.272222
1 0.556250 0.754861 0.110417 0.270833
1 0.385937 0.188194 0.123958 0.170833
1 0.762500 0.240278 0.083333 0.125000
1 0.619271 0.945833 0.067708 0.105556
2 0.548958 0.781944 0.025000 0.022222
1 0.268229 0.281250 0.090625 0.143056
1 0.270833 0.118750 0.083333 0.140278
1 0.771354 0.493750 0.109375 0.134722
1 0.345833 0.884028 0.075000 0.090278
1 0.164062 0.800000 0.090625 0.091667
1 0.777604 0.702778 0.086458 0.130556
1 0.146875 0.290278 0.068750 0.072222
1 0.745313 0.870139 0.080208 0.095833
1 0.210938 0.267361 0.092708 0.090278
1 0.278646 0.865278 0.086458 0.113889
