0 0.563021 0.718750 0.115625 0.254167
1 0.562500 0.718750 0.116667 0.256944
1 0.267188 0.280556 0.090625 0.136111
1 0.386458 0.186806 0.120833 0.170833
1 0.762500 0.240278 0.083333 0.125000
1 0.619271 0.945833 0.069792 0.105556
2 0.554688 0.736806 0.023958 0.023611
1 0.270833 0.119444 0.083333 0.141667
1 0.771354 0.493750 0.109375 0.134722
1 0.345313 0.890972 0.073958 0.104167
1 0.777604 0.702778 0.086458 0.130556
1 0.163542 0.800694 0.089583 0.090278
1 0.145313 0.294444 0.067708 0.069444
1 0.745313 0.870833 0.080208 0.097222
1 0.205208 0.261806 0.077083 0.095833
1 0.272396 0.863194 0.080208 0.109722
