1 0.567187 0.697917 0.121875 0.218056
0 0.568229 0.697222 0.121875 0.216667
1 0.393229 0.188194 0.130208 0.170833
1 0.619271 0.945833 0.069792 0.105556
1 0.268750 0.281944 0.089583 0.136111
1 0.762500 0.240278 0.083333 0.125000
2 0.563021 0.690972 0.023958 0.023611
1 0.270833 0.118750 0.081250 0.143056
1 0.770833 0.493750 0.110417 0.137500
1 0.346354 0.891667 0.076042 0.102778
1 0.777604 0.702778 0.086458 0.130556
1 0.163542 0.800694 0.089583 0.090278
1 0.148438 0.291667 0.071875 0.075000
1 0.745313 0.870833 0.080208 0.097222
1 0.205208 0.265972 0.070833 0.106944
1 0.269271 0.861111 0.080208 0.108333
