1 0.571875 0.684028 0.120833 0.190278
0 0.571875 0.684028 0.120833 0.190278
1 0.619271 0.945833 0.069792 0.105556
1 0.268750 0.280556 0.089583 0.133333
1 0.762500 0.240278 0.083333 0.125000
2 0.565625 0.661806 0.025000 0.023611
1 0.270833 0.118750 0.081250 0.143056
1 0.770833 0.493056 0.110417 0.136111
1 0.346875 0.891667 0.079167 0.102778
1 0.777604 0.703472 0.086458 0.131944
1 0.389062 0.190972 0.132292 0.162500
1 0.163542 0.800694 0.089583 0.090278
1 0.144792 0.290972 0.064583 0.076389
1 0.745313 0.870833 0.080208 0.097222
1 0.277083 0.868056 0.083333 0.105556
1 0.209375 0.261806 0.079167 0.104167
