0 0.691146 0.143056 0.117708 0.172222
1 0.689583 0.143056 0.116667 0.172222
1 0.619271 0.946528 0.067708 0.104167
1 0.384896 0.186806 0.109375 0.168056
1 0.266667 0.283333 0.095833 0.144444
2 0.717187 0.125694 0.013542 0.026389
1 0.269792 0.118056 0.083333 0.144444
1 0.169271 0.799306 0.101042 0.095833
1 0.769271 0.244444 0.098958 0.127778
1 0.771354 0.493056 0.107292 0.133333
1 0.346875 0.889583 0.079167 0.101389
1 0.147917 0.293056 0.070833 0.077778
1 0.745313 0.869444 0.082292 0.094444
1 0.270313 0.850694 0.080208 0.095833
1 0.786979 0.695833 0.086458 0.122222
1 0.644271 0.724306 0.144792 0.173611
