0 0.663021 0.149306 0.128125 0.204167
1 0.663542 0.149306 0.129167 0.204167
1 0.619271 0.946528 0.067708 0.104167
1 0.384896 0.186806 0.109375 0.168056
1 0.266667 0.285417 0.097917 0.145833
2 0.694792 0.129167 0.014583 0.025000
1 0.269792 0.118056 0.083333 0.144444
1 0.769271 0.252778 0.098958 0.116667
1 0.168750 0.799306 0.100000 0.098611
1 0.770833 0.493056 0.110417 0.133333
1 0.346354 0.890278 0.080208 0.100000
1 0.146354 0.289583 0.063542 0.076389
1 0.745313 0.868056 0.082292 0.097222
1 0.270833 0.849306 0.083333 0.098611
1 0.782292 0.686806 0.091667 0.137500
1 0.641667 0.724306 0.150000 0.179167
1 0.199479 0.266667 0.063542 0.072222
