1 0.618229 0.180556 0.119792 0.219444
0 0.618750 0.180556 0.118750 0.219444
1 0.619271 0.946528 0.067708 0.104167
2 0.625521 0.164583 0.017708 0.026389
1 0.383333 0.191667 0.110417 0.161111
1 0.270313 0.120139 0.084375 0.143056
1 0.771354 0.493750 0.109375 0.134722
1 0.267188 0.282639 0.092708 0.148611
1 0.768750 0.262500 0.097917 0.097222
1 0.347396 0.888889 0.080208 0.097222
1 0.164583 0.801389 0.089583 0.094444
1 0.149479 0.292361 0.071875 0.076389
1 0.271875 0.850000 0.079167 0.097222
1 0.745313 0.870833 0.080208 0.094444
1 0.644792 0.729861 0.145833 0.176389
1 0.782292 0.686806 0.085417 0.118056
