1 0.582812 0.237500 0.119792 0.250000
0 0.582812 0.236806 0.119792 0.248611
1 0.619271 0.946528 0.067708 0.104167
1 0.269792 0.285417 0.091667 0.145833
1 0.385937 0.197222 0.109375 0.152778
2 0.603646 0.215278 0.019792 0.022222
1 0.771354 0.493750 0.109375 0.134722
1 0.269792 0.119444 0.085417 0.141667
1 0.769792 0.261806 0.100000 0.090278
1 0.163542 0.801389 0.089583 0.094444
1 0.347917 0.889583 0.077083 0.098611
1 0.148958 0.291667 0.070833 0.075000
1 0.272396 0.847917 0.078125 0.095833
1 0.744792 0.870833 0.081250 0.097222
1 0.644792 0.725000 0.145833 0.172222
1 0.783333 0.680556 0.085417 0.113889
