0 0.579688 0.242361 0.111458 0.234722
1 0.579167 0.241667 0.110417 0.236111
1 0.619271 0.946528 0.067708 0.104167
1 0.384375 0.204167 0.114583 0.138889
1 0.269271 0.285417 0.092708 0.145833
2 0.596875 0.234028 0.020833 0.020833
1 0.270833 0.119444 0.085417 0.141667
1 0.771354 0.256944 0.096875 0.088889
1 0.771875 0.493750 0.108333 0.134722
1 0.347396 0.889583 0.076042 0.098611
1 0.163542 0.801389 0.087500 0.094444
1 0.150521 0.292361 0.073958 0.076389
1 0.271875 0.847917 0.077083 0.095833
1 0.745313 0.870833 0.080208 0.097222
1 0.643229 0.717361 0.146875 0.173611
1 0.778125 0.686111 0.089583 0.116667
1 0.197917 0.287500 0.066667 0.141667
