0 0.529167 0.886111 0.097917 0.222222
1 0.529687 0.886111 0.096875 0.222222
1 0.619792 0.947917 0.064583 0.101389
1 0.262500 0.293750 0.104167 0.159722
1 0.769271 0.234028 0.094792 0.137500
1 0.374479 0.198611 0.123958 0.147222
2 0.522396 0.945139 0.019792 0.015278
1 0.270833 0.120833 0.085417 0.144444
1 0.345313 0.891667 0.073958 0.102778
1 0.163542 0.801389 0.087500 0.091667
1 0.771875 0.493750 0.110417 0.131944
1 0.744792 0.872917 0.079167 0.098611
1 0.267708 0.845833 0.070833 0.088889
1 0.635417 0.702778 0.166667 0.219444
1 0.780208 0.683333 0.089583 0.136111
1 0.193229 0.266667 0.067708 0.100000
