0 0.552083 0.825694 0.106250 0.240278
1 0.553125 0.825694 0.106250 0.240278
1 0.621875 0.947222 0.060417 0.102778
1 0.262500 0.293750 0.106250 0.159722
1 0.375521 0.197917 0.121875 0.148611
2 0.546354 0.841667 0.019792 0.013889
1 0.271354 0.121528 0.084375 0.143056
1 0.346354 0.888889 0.073958 0.097222
1 0.163542 0.800694 0.089583 0.093056
1 0.764583 0.247222 0.085417 0.113889
1 0.745313 0.872222 0.080208 0.097222
1 0.772396 0.494444 0.107292 0.127778
1 0.189062 0.265972 0.063542 0.087500
1 0.085417 0.274306 0.075000 0.070833
1 0.268229 0.868056 0.073958 0.113889
1 0.656250 0.650000 0.150000 0.155556
1 0.660417 0.775000 0.122917 0.105556
1 0.775521 0.673611 0.076042 0.130556
