1 0.560937 0.758333 0.109375 0.272222
0 0.561458 0.758333 0.110417 0.269444
1 0.620313 0.947222 0.065625 0.102778
1 0.261979 0.294444 0.105208 0.158333
1 0.376042 0.195833 0.120833 0.150000
2 0.553646 0.787500 0.021875 0.016667
1 0.271354 0.120139 0.086458 0.140278
1 0.345833 0.888889 0.072917 0.097222
1 0.765104 0.261806 0.090625 0.090278
1 0.163542 0.800694 0.087500 0.090278
1 0.772396 0.493750 0.107292 0.129167
1 0.745313 0.872222 0.080208 0.097222
1 0.654687 0.659028 0.146875 0.159722
1 0.664062 0.751389 0.111458 0.113889
1 0.780729 0.675694 0.088542 0.134722
1 0.091146 0.258333 0.069792 0.075000
1 0.192188 0.263194 0.082292 0.106944
1 0.269792 0.863194 0.081250 0.101389
