0 0.561979 0.734028 0.113542 0.240278
1 0.560937 0.733333 0.115625 0.241667
1 0.261458 0.295139 0.104167 0.159722
1 0.619792 0.946528 0.066667 0.104167
1 0.376563 0.195833 0.119792 0.152778
1 0.099479 0.254167 0.076042 0.083333
2 0.554688 0.744444 0.021875 0.019444
1 0.270313 0.119444 0.084375 0.141667
1 0.344792 0.886806 0.072917 0.095833
1 0.766667 0.261806 0.093750 0.084722
1 0.163021 0.800694 0.088542 0.093056
1 0.772396 0.493056 0.107292 0.130556
1 0.744792 0.872917 0.079167 0.093056
1 0.194271 0.266667 0.076042 0.100000
1 0.275521 0.865972 0.076042 0.112500
1 0.648438 0.656250 0.128125 0.148611
1 0.670833 0.763194 0.118750 0.098611
1 0.781250 0.680556 0.091667 0.150000
