1 0.216667 0.158333 0.106250 0.086111
1 0.266667 0.270833 0.095833 0.169444
0 0.215104 0.158333 0.107292 0.086111
1 0.223958 0.676389 0.095833 0.113889
2 0.214583 0.159028 0.012500 0.015278
1 0.168750 0.800000 0.102083 0.097222
1 0.626042 0.917361 0.091667 0.104167
1 0.743750 0.868750 0.081250 0.095833
1 0.119271 0.572917 0.082292 0.112500
1 0.347396 0.209028 0.086458 0.129167
1 0.350000 0.882639 0.081250 0.101389
1 0.772917 0.493750 0.106250 0.137500
1 0.638021 0.751389 0.117708 0.169444
1 0.593229 0.085417 0.092708 0.145833
1 0.265625 0.831944 0.085417 0.086111
1 0.769271 0.264583 0.101042 0.084722
1 0.269792 0.125694 0.083333 0.134722
1 0.776563 0.704861 0.088542 0.134722
1 0.669271 0.506944 0.101042 0.186111
1 0.150521 0.290278 0.076042 0.075000
