1 0.210417 0.199306 0.089583 0.151389
0 0.210417 0.201389 0.089583 0.152778
1 0.263542 0.274306 0.091667 0.159722
1 0.225000 0.674306 0.093750 0.115278
2 0.210417 0.163194 0.012500 0.018056
1 0.628125 0.918056 0.087500 0.102778
1 0.167708 0.799306 0.102083 0.095833
1 0.743750 0.868056 0.081250 0.094444
1 0.117708 0.572917 0.083333 0.112500
1 0.266667 0.127778 0.085417 0.138889
1 0.347917 0.881944 0.081250 0.102778
1 0.772917 0.493056 0.106250 0.136111
1 0.347396 0.206944 0.086458 0.130556
1 0.637500 0.750694 0.116667 0.168056
1 0.265104 0.830556 0.086458 0.086111
1 0.769271 0.264583 0.101042 0.087500
1 0.593229 0.086806 0.092708 0.143056
1 0.669792 0.507639 0.102083 0.187500
1 0.776042 0.703472 0.087500 0.134722
