1 0.307292 0.822917 0.164583 0.145833
1 0.628125 0.918750 0.087500 0.101389
1 0.194271 0.255556 0.067708 0.119444
0 0.308333 0.823611 0.164583 0.141667
1 0.266146 0.272917 0.098958 0.156944
0 0.194792 0.254861 0.068750 0.120833
2 0.269271 0.820139 0.013542 0.026389
2 0.206771 0.230556 0.011458 0.016667
1 0.770833 0.493750 0.110417 0.140278
1 0.268229 0.128472 0.086458 0.129167
1 0.747917 0.868056 0.085417 0.094444
1 0.767188 0.276389 0.096875 0.100000
1 0.671875 0.500694 0.112500 0.187500
1 0.594792 0.085417 0.087500 0.148611
1 0.640625 0.747917 0.116667 0.165278
1 0.776563 0.706944 0.088542 0.130556
1 0.352083 0.215278 0.072917 0.122222
1 0.151562 0.293056 0.080208 0.066667
1 0.165104 0.800000 0.094792 0.091667
1 0.222917 0.672917 0.085417 0.118056
