1 0.326042 0.815278 0.162500 0.163889
0 0.326042 0.813194 0.162500 0.162500
1 0.628125 0.918056 0.087500 0.102778
1 0.263542 0.268056 0.102083 0.152778
2 0.303646 0.820139 0.011458 0.026389
1 0.769792 0.493056 0.110417 0.138889
1 0.747917 0.868056 0.087500 0.094444
1 0.267188 0.127778 0.084375 0.130556
1 0.767188 0.276389 0.096875 0.100000
1 0.670833 0.499306 0.110417 0.184722
1 0.594792 0.085417 0.087500 0.148611
1 0.640104 0.747917 0.117708 0.168056
1 0.776563 0.705556 0.088542 0.130556
1 0.160938 0.800694 0.088542 0.093056
1 0.350521 0.213194 0.073958 0.129167
1 0.150521 0.293056 0.080208 0.066667
1 0.219792 0.679167 0.093750 0.119444
