1 0.535417 0.122917 0.133333 0.243056
0 0.534375 0.122222 0.133333 0.241667
1 0.628125 0.919444 0.087500 0.100000
1 0.264062 0.260417 0.103125 0.129167
2 0.549479 0.069444 0.015625 0.013889
1 0.169271 0.798611 0.101042 0.094444
1 0.771354 0.493750 0.109375 0.140278
1 0.670833 0.502083 0.108333 0.187500
1 0.747396 0.870139 0.086458 0.095833
1 0.641667 0.750000 0.116667 0.166667
1 0.264583 0.128472 0.089583 0.118056
1 0.766667 0.277083 0.095833 0.098611
1 0.777083 0.706944 0.087500 0.130556
1 0.347396 0.875000 0.080208 0.091667
1 0.333333 0.225694 0.106250 0.098611
1 0.265625 0.847222 0.087500 0.108333
1 0.148958 0.293056 0.079167 0.069444
