0 0.558854 0.191667 0.094792 0.250000
1 0.558854 0.192361 0.094792 0.251389
1 0.628125 0.919444 0.087500 0.100000
1 0.266146 0.265972 0.092708 0.145833
2 0.571354 0.167361 0.017708 0.018056
1 0.168229 0.800000 0.103125 0.097222
1 0.772396 0.496528 0.109375 0.131944
1 0.747396 0.868750 0.084375 0.095833
1 0.671354 0.501389 0.107292 0.188889
1 0.641667 0.750000 0.116667 0.166667
1 0.264583 0.126389 0.089583 0.119444
1 0.346875 0.875000 0.079167 0.091667
1 0.766667 0.277083 0.095833 0.098611
1 0.777083 0.706944 0.087500 0.127778
1 0.332813 0.225694 0.109375 0.098611
1 0.148958 0.293750 0.083333 0.070833
1 0.265104 0.845833 0.086458 0.105556
