1 0.536458 0.895139 0.091667 0.206944
0 0.536458 0.895833 0.089583 0.205556
1 0.628125 0.920139 0.087500 0.101389
1 0.268229 0.273611 0.096875 0.141667
2 0.532292 0.970139 0.018750 0.012500
1 0.266146 0.126389 0.086458 0.130556
1 0.772396 0.493750 0.107292 0.137500
1 0.595313 0.085417 0.088542 0.151389
1 0.339062 0.211111 0.094792 0.122222
1 0.345833 0.875000 0.077083 0.091667
1 0.642188 0.748611 0.113542 0.163889
1 0.745833 0.867361 0.083333 0.095833
1 0.767708 0.276389 0.095833 0.105556
1 0.670833 0.494444 0.106250 0.177778
1 0.166146 0.800694 0.098958 0.093056
1 0.777083 0.705556 0.087500 0.127778
1 0.221354 0.675694 0.094792 0.123611
1 0.153125 0.295139 0.085417 0.068056
1 0.198958 0.259722 0.079167 0.088889
1 0.276042 0.859028 0.079167 0.112500
