0 0.552083 0.820139 0.097917 0.231944
1 0.552083 0.820833 0.097917 0.233333
1 0.631250 0.920139 0.083333 0.101389
1 0.269792 0.281250 0.091667 0.143056
1 0.221354 0.677083 0.088542 0.120833
2 0.556771 0.825000 0.021875 0.013889
1 0.772396 0.493750 0.107292 0.137500
1 0.265625 0.126389 0.087500 0.127778
1 0.595313 0.084722 0.088542 0.152778
1 0.166667 0.799306 0.100000 0.093056
1 0.645312 0.747917 0.109375 0.162500
1 0.345833 0.874306 0.077083 0.090278
1 0.745833 0.867361 0.083333 0.095833
1 0.336458 0.208333 0.100000 0.127778
1 0.766667 0.277778 0.095833 0.102778
1 0.671354 0.496528 0.107292 0.181944
1 0.777083 0.705556 0.087500 0.127778
1 0.151042 0.290972 0.081250 0.079167
1 0.270833 0.853472 0.068750 0.115278
