0 0.510938 0.114583 0.088542 0.223611
1 0.510417 0.114583 0.087500 0.223611
1 0.628646 0.918750 0.086458 0.101389
1 0.190104 0.266667 0.076042 0.102778
1 0.397396 0.195833 0.134375 0.175000
1 0.269792 0.286111 0.091667 0.144444
0 0.189583 0.265278 0.075000 0.105556
2 0.521875 0.077083 0.016667 0.012500
2 0.203125 0.242361 0.008333 0.020833
1 0.745833 0.866667 0.083333 0.097222
1 0.168750 0.799306 0.104167 0.095833
1 0.639583 0.750000 0.118750 0.166667
1 0.771875 0.495139 0.110417 0.134722
1 0.671354 0.501389 0.103125 0.194444
1 0.777083 0.704861 0.087500 0.131944
1 0.594792 0.087500 0.091667 0.155556
1 0.767188 0.278472 0.094792 0.104167
1 0.346354 0.875000 0.082292 0.091667
1 0.134375 0.199306 0.085417 0.095833
1 0.266146 0.848611 0.088542 0.111111
