1 0.518750 0.152083 0.087500 0.268056
0 0.518750 0.149306 0.087500 0.262500
1 0.397396 0.193056 0.136458 0.161111
1 0.628125 0.918750 0.087500 0.101389
1 0.191146 0.265278 0.080208 0.105556
1 0.269792 0.285417 0.091667 0.143056
0 0.190625 0.265278 0.081250 0.105556
2 0.203125 0.240972 0.008333 0.020833
2 0.536458 0.101389 0.016667 0.013889
1 0.168750 0.799306 0.104167 0.095833
1 0.745833 0.866667 0.083333 0.097222
1 0.639583 0.750000 0.118750 0.166667
1 0.771875 0.495139 0.110417 0.134722
1 0.671354 0.501389 0.103125 0.194444
1 0.346354 0.875000 0.080208 0.088889
1 0.777083 0.704861 0.087500 0.131944
1 0.767188 0.278472 0.094792 0.104167
1 0.595833 0.087500 0.089583 0.155556
1 0.265104 0.850000 0.088542 0.111111
1 0.111979 0.213889 0.073958 0.091667
