0 0.526042 0.171528 0.085417 0.270833
1 0.526042 0.168056 0.085417 0.263889
1 0.628125 0.918750 0.087500 0.101389
1 0.395313 0.197222 0.136458 0.158333
1 0.190625 0.265972 0.081250 0.104167
1 0.269792 0.285417 0.091667 0.143056
0 0.190625 0.265972 0.083333 0.104167
2 0.541146 0.119444 0.015625 0.013889
2 0.203646 0.241667 0.007292 0.019444
1 0.745833 0.866667 0.083333 0.097222
1 0.168229 0.799306 0.103125 0.093056
1 0.345833 0.874306 0.079167 0.087500
1 0.639583 0.750000 0.118750 0.166667
1 0.771875 0.495139 0.110417 0.134722
1 0.671354 0.501389 0.103125 0.194444
1 0.777083 0.704861 0.087500 0.131944
1 0.767188 0.278472 0.094792 0.104167
1 0.595833 0.088889 0.087500 0.155556
1 0.101562 0.224306 0.078125 0.093056
1 0.264062 0.845833 0.088542 0.108333
