0 0.539062 0.180556 0.094792 0.236111
1 0.539583 0.181250 0.095833 0.234722
1 0.628125 0.918750 0.087500 0.101389
1 0.192708 0.266667 0.075000 0.102778
1 0.268750 0.285417 0.089583 0.143056
0 0.192708 0.266667 0.075000 0.102778
2 0.545833 0.152083 0.018750 0.015278
2 0.204687 0.240278 0.007292 0.019444
1 0.745833 0.866667 0.083333 0.097222
1 0.639583 0.750000 0.118750 0.166667
1 0.345833 0.875000 0.077083 0.088889
1 0.390625 0.200000 0.141667 0.150000
1 0.167187 0.800000 0.101042 0.091667
1 0.670833 0.502083 0.104167 0.193056
1 0.771875 0.495139 0.110417 0.134722
1 0.777083 0.704861 0.087500 0.131944
1 0.767188 0.278472 0.094792 0.104167
1 0.090104 0.239583 0.071875 0.076389
1 0.269792 0.850694 0.075000 0.118056
1 0.594792 0.088194 0.077083 0.140278
