0 0.540625 0.846528 0.091667 0.254167
1 0.540625 0.846528 0.091667 0.254167
1 0.628646 0.919444 0.086458 0.102778
1 0.265104 0.290278 0.103125 0.152778
1 0.193750 0.266667 0.070833 0.105556
0 0.193229 0.267361 0.069792 0.104167
2 0.541146 0.878472 0.019792 0.012500
1 0.382812 0.200000 0.130208 0.150000
2 0.205208 0.244444 0.006250 0.016667
1 0.168229 0.799306 0.105208 0.095833
1 0.745833 0.867361 0.083333 0.095833
1 0.669792 0.500694 0.102083 0.184722
1 0.644271 0.747917 0.109375 0.162500
1 0.772396 0.495833 0.107292 0.133333
1 0.594271 0.086806 0.092708 0.156944
1 0.776563 0.706250 0.086458 0.131944
1 0.767188 0.278472 0.094792 0.104167
1 0.347917 0.879861 0.085417 0.104167
1 0.153125 0.295139 0.085417 0.070833
1 0.265104 0.840972 0.086458 0.093056
