0 0.571875 0.225000 0.108333 0.261111
1 0.571875 0.224306 0.108333 0.259722
1 0.628125 0.919444 0.085417 0.100000
1 0.191146 0.265278 0.078125 0.102778
1 0.266146 0.290972 0.103125 0.151389
0 0.190625 0.265278 0.079167 0.102778
2 0.581771 0.186806 0.017708 0.020833
2 0.202083 0.240278 0.008333 0.019444
1 0.382812 0.205556 0.128125 0.150000
1 0.771354 0.496528 0.109375 0.134722
1 0.672917 0.504861 0.108333 0.193056
1 0.745833 0.867361 0.083333 0.095833
1 0.641146 0.748611 0.115625 0.166667
1 0.777604 0.706250 0.090625 0.129167
1 0.166667 0.799306 0.097917 0.095833
1 0.766667 0.278472 0.093750 0.104167
1 0.347396 0.875000 0.082292 0.094444
1 0.269271 0.845833 0.076042 0.091667
1 0.143229 0.299306 0.057292 0.062500
