1 0.266146 0.271528 0.096875 0.165278
0 0.151562 0.207639 0.132292 0.129167
2 0.128125 0.180556 0.008333 0.019444
1 0.628125 0.919444 0.087500 0.102778
1 0.269271 0.127083 0.082292 0.137500
1 0.117708 0.573611 0.081250 0.111111
1 0.768229 0.263889 0.098958 0.086111
1 0.746354 0.868056 0.084375 0.097222
1 0.167708 0.800694 0.100000 0.098611
1 0.772396 0.492361 0.109375 0.140278
1 0.638542 0.751389 0.116667 0.172222
1 0.349479 0.209722 0.080208 0.125000
1 0.350000 0.882639 0.083333 0.104167
1 0.595313 0.084028 0.092708 0.151389
1 0.668750 0.505556 0.102083 0.186111
1 0.265625 0.831944 0.085417 0.088889
1 0.777083 0.706944 0.087500 0.136111
1 0.151562 0.207639 0.132292 0.129167
1 0.148958 0.300694 0.081250 0.068056
1 0.223438 0.677083 0.086458 0.126389
