0 0.531250 0.887500 0.102083 0.222222
1 0.530729 0.886806 0.101042 0.223611
1 0.631250 0.946528 0.097917 0.104167
1 0.263542 0.297222 0.104167 0.155556
2 0.526042 0.940972 0.018750 0.015278
1 0.348958 0.200000 0.083333 0.141667
1 0.746875 0.868750 0.083333 0.098611
1 0.269792 0.118750 0.085417 0.143056
1 0.771875 0.495139 0.108333 0.134722
1 0.169271 0.799306 0.098958 0.093056
1 0.766146 0.261111 0.092708 0.091667
1 0.778125 0.705556 0.087500 0.130556
1 0.641667 0.747222 0.116667 0.163889
1 0.346354 0.877083 0.080208 0.095833
1 0.670312 0.506250 0.107292 0.187500
1 0.594792 0.086806 0.091667 0.156944
1 0.141146 0.287500 0.059375 0.069444
1 0.270313 0.852083 0.076042 0.098611
1 0.193750 0.276389 0.060417 0.094444
