0 0.536979 0.822222 0.105208 0.258333
1 0.536979 0.821528 0.105208 0.259722
1 0.631771 0.947222 0.096875 0.102778
1 0.263542 0.297222 0.104167 0.155556
2 0.532813 0.845139 0.021875 0.018056
1 0.348958 0.200000 0.083333 0.141667
1 0.771875 0.495139 0.108333 0.134722
1 0.269792 0.118750 0.085417 0.143056
1 0.778125 0.706250 0.087500 0.129167
1 0.765104 0.264583 0.094792 0.084722
1 0.744792 0.868056 0.081250 0.100000
1 0.168750 0.800000 0.097917 0.094444
1 0.643750 0.747222 0.112500 0.163889
1 0.344792 0.876389 0.085417 0.094444
1 0.593750 0.086111 0.091667 0.152778
1 0.669792 0.504861 0.108333 0.184722
1 0.141146 0.287500 0.053125 0.069444
1 0.271354 0.850694 0.073958 0.093056
1 0.193229 0.276389 0.055208 0.097222
