0 0.694271 0.147917 0.098958 0.184722
1 0.693750 0.147917 0.097917 0.187500
1 0.262500 0.287500 0.106250 0.136111
1 0.353646 0.201389 0.076042 0.141667
1 0.630729 0.946528 0.096875 0.104167
2 0.710417 0.116667 0.014583 0.019444
1 0.269792 0.119444 0.083333 0.138889
1 0.773438 0.495139 0.105208 0.134722
1 0.778125 0.706250 0.085417 0.131944
1 0.344271 0.875694 0.080208 0.090278
1 0.745833 0.869444 0.083333 0.097222
1 0.765104 0.265972 0.094792 0.084722
1 0.166146 0.800000 0.092708 0.088889
1 0.671354 0.502083 0.113542 0.187500
1 0.594792 0.081944 0.093750 0.161111
1 0.142187 0.290278 0.057292 0.075000
1 0.635417 0.700000 0.133333 0.150000
1 0.278125 0.869444 0.070833 0.119444
1 0.189583 0.276389 0.050000 0.097222
