0 0.572917 0.247917 0.112500 0.218056
1 0.572917 0.247917 0.114583 0.218056
1 0.263542 0.295139 0.104167 0.151389
1 0.353646 0.202778 0.078125 0.141667
1 0.630208 0.946528 0.095833 0.104167
2 0.590104 0.243056 0.019792 0.022222
1 0.269271 0.118056 0.084375 0.141667
1 0.745313 0.870139 0.084375 0.098611
1 0.772396 0.493056 0.107292 0.136111
1 0.777083 0.702083 0.085417 0.134722
1 0.345313 0.874306 0.078125 0.093056
1 0.763542 0.263194 0.093750 0.084722
1 0.166146 0.799306 0.094792 0.093056
1 0.142708 0.290278 0.058333 0.077778
1 0.673438 0.518056 0.109375 0.216667
1 0.622917 0.705556 0.143750 0.127778
1 0.271354 0.877778 0.067708 0.130556
1 0.194271 0.275694 0.061458 0.095833
1 0.224479 0.643056 0.090625 0.066667
