1 0.572396 0.299306 0.115625 0.268056
0 0.572396 0.299306 0.113542 0.268056
1 0.263021 0.296528 0.105208 0.156944
1 0.630208 0.946528 0.095833 0.104167
1 0.352083 0.199306 0.079167 0.143056
2 0.588021 0.279167 0.019792 0.022222
1 0.269271 0.118056 0.084375 0.141667
1 0.745313 0.868056 0.084375 0.100000
1 0.772917 0.493056 0.108333 0.136111
1 0.345313 0.879167 0.078125 0.097222
1 0.776042 0.705556 0.085417 0.133333
1 0.763542 0.266667 0.093750 0.083333
1 0.166146 0.799306 0.094792 0.093056
1 0.140104 0.286111 0.055208 0.075000
1 0.671875 0.521528 0.106250 0.209722
1 0.619792 0.699306 0.139583 0.131944
1 0.270313 0.866667 0.065625 0.127778
1 0.231771 0.643056 0.088542 0.069444
1 0.193229 0.278472 0.059375 0.098611
