0 0.526563 0.875694 0.096875 0.243056
1 0.526563 0.875694 0.094792 0.240278
1 0.629167 0.944444 0.095833 0.102778
1 0.267188 0.275694 0.092708 0.115278
2 0.521875 0.931944 0.020833 0.016667
1 0.266667 0.120833 0.091667 0.141667
1 0.348438 0.205556 0.080208 0.130556
1 0.744792 0.868056 0.083333 0.097222
1 0.777604 0.705556 0.086458 0.130556
1 0.764583 0.261806 0.091667 0.087500
1 0.140104 0.294444 0.057292 0.100000
1 0.345833 0.880556 0.077083 0.100000
1 0.160417 0.800694 0.083333 0.093056
1 0.771354 0.496528 0.111458 0.131944
1 0.657813 0.733333 0.121875 0.138889
1 0.266667 0.852778 0.070833 0.097222
1 0.194792 0.277778 0.058333 0.102778
1 0.175000 0.150000 0.104167 0.119444
