0 0.546354 0.761806 0.111458 0.237500
1 0.546354 0.761806 0.111458 0.234722
1 0.630208 0.946528 0.095833 0.104167
1 0.267708 0.274306 0.091667 0.112500
2 0.530729 0.777083 0.021875 0.018056
1 0.270313 0.119444 0.084375 0.141667
1 0.348438 0.205556 0.084375 0.138889
1 0.102604 0.205556 0.076042 0.097222
1 0.345833 0.877778 0.072917 0.097222
1 0.160938 0.799306 0.084375 0.090278
1 0.745313 0.866667 0.080208 0.094444
1 0.267188 0.849306 0.071875 0.090278
1 0.770833 0.494444 0.108333 0.133333
1 0.776563 0.704167 0.084375 0.130556
1 0.139063 0.300694 0.053125 0.101389
1 0.766146 0.277083 0.092708 0.101389
1 0.657813 0.743056 0.121875 0.183333
1 0.644271 0.608333 0.138542 0.130556
1 0.192708 0.275694 0.066667 0.104167
