0 0.550000 0.736806 0.116667 0.215278
1 0.550000 0.736806 0.116667 0.218056
1 0.630729 0.946528 0.094792 0.104167
1 0.268229 0.275694 0.092708 0.112500
2 0.534896 0.734722 0.023958 0.019444
1 0.271354 0.120833 0.084375 0.141667
1 0.347917 0.205556 0.085417 0.138889
1 0.745313 0.867361 0.080208 0.095833
1 0.346354 0.877778 0.073958 0.097222
1 0.089063 0.222222 0.067708 0.086111
1 0.161458 0.801389 0.085417 0.091667
1 0.771875 0.496528 0.108333 0.131944
1 0.267708 0.850694 0.070833 0.090278
1 0.777604 0.706250 0.084375 0.129167
1 0.137500 0.297917 0.052083 0.098611
1 0.765625 0.279167 0.091667 0.102778
1 0.192188 0.277778 0.069792 0.105556
