0 0.551562 0.687500 0.115625 0.244444
1 0.551562 0.687500 0.115625 0.247222
1 0.630729 0.947222 0.094792 0.102778
1 0.268229 0.275694 0.092708 0.112500
2 0.539062 0.702778 0.021875 0.019444
1 0.271354 0.120833 0.084375 0.141667
1 0.745313 0.866667 0.080208 0.097222
1 0.346354 0.877778 0.073958 0.097222
1 0.161458 0.800694 0.085417 0.090278
1 0.777604 0.705556 0.086458 0.130556
1 0.771875 0.495139 0.108333 0.134722
1 0.080208 0.231250 0.070833 0.079167
1 0.268229 0.850694 0.069792 0.090278
1 0.765625 0.279167 0.091667 0.102778
1 0.354167 0.206944 0.068750 0.136111
1 0.142708 0.302778 0.045833 0.100000
1 0.196354 0.281250 0.061458 0.106944
