0 0.446354 0.116667 0.092708 0.230556
1 0.630208 0.947222 0.095833 0.102778
1 0.265625 0.277083 0.095833 0.118056
2 0.451562 0.081250 0.019792 0.018056
1 0.746354 0.867361 0.080208 0.095833
1 0.270833 0.121528 0.085417 0.140278
1 0.771354 0.494444 0.109375 0.136111
1 0.344792 0.214583 0.085417 0.134722
1 0.777083 0.705556 0.085417 0.130556
1 0.346354 0.874306 0.073958 0.087500
1 0.161979 0.800694 0.084375 0.090278
1 0.140104 0.301389 0.057292 0.102778
1 0.766146 0.278472 0.092708 0.101389
1 0.268750 0.851389 0.068750 0.097222
1 0.196354 0.275694 0.055208 0.104167
1 0.446354 0.116667 0.092708 0.230556
