0 0.474479 0.112500 0.088542 0.222222
1 0.475000 0.113194 0.089583 0.223611
1 0.630208 0.947222 0.095833 0.102778
1 0.345833 0.206944 0.083333 0.125000
1 0.263542 0.277778 0.100000 0.116667
2 0.488021 0.077778 0.019792 0.013889
1 0.270313 0.120139 0.084375 0.140278
1 0.745833 0.867361 0.081250 0.095833
1 0.771354 0.494444 0.109375 0.136111
1 0.777083 0.705556 0.085417 0.130556
1 0.346875 0.874306 0.075000 0.090278
1 0.153646 0.289583 0.084375 0.081944
1 0.162500 0.800694 0.087500 0.090278
1 0.766146 0.278472 0.092708 0.101389
1 0.652083 0.707639 0.135417 0.226389
1 0.273438 0.859722 0.073958 0.105556
