1 0.484896 0.113194 0.084375 0.223611
0 0.484896 0.112500 0.084375 0.222222
1 0.345313 0.205556 0.080208 0.130556
1 0.630208 0.947222 0.095833 0.102778
1 0.264062 0.277778 0.098958 0.116667
2 0.501563 0.076389 0.017708 0.013889
1 0.270313 0.120139 0.084375 0.140278
1 0.745833 0.867361 0.081250 0.095833
1 0.771354 0.495139 0.109375 0.134722
1 0.777083 0.705556 0.085417 0.130556
1 0.346875 0.874306 0.075000 0.090278
1 0.154167 0.289583 0.083333 0.081944
1 0.162500 0.800694 0.087500 0.090278
1 0.766146 0.279167 0.092708 0.102778
1 0.640104 0.703472 0.148958 0.220833
1 0.271354 0.859722 0.080208 0.111111
