1 0.063542 0.293750 0.050000 0.062500
1 0.637500 0.752778 0.104167 0.161111
1 0.346354 0.872917 0.076042 0.090278
1 0.672396 0.495833 0.096875 0.172222
1 0.277083 0.267361 0.089583 0.115278
1 0.626563 0.922222 0.086458 0.100000
1 0.117188 0.578472 0.073958 0.098611
1 0.246354 0.140278 0.084375 0.097222
1 0.589583 0.090972 0.083333 0.156944
1 0.778125 0.706250 0.081250 0.126389
1 0.770312 0.490972 0.086458 0.140278
1 0.769271 0.276389 0.088542 0.108333
1 0.747917 0.872222 0.079167 0.091667
1 0.400000 0.093056 0.079167 0.086111
1 0.266146 0.837500 0.082292 0.091667
1 0.170313 0.800694 0.096875 0.095833
1 0.202604 0.240278 0.057292 0.108333
