1 0.064583 0.284722 0.064583 0.069444
1 0.636979 0.752083 0.105208 0.159722
1 0.276562 0.268056 0.090625 0.116667
1 0.346354 0.873611 0.076042 0.091667
1 0.672396 0.495139 0.096875 0.170833
1 0.246354 0.140278 0.084375 0.097222
1 0.117188 0.578472 0.073958 0.098611
1 0.627083 0.920833 0.085417 0.102778
1 0.589583 0.090972 0.083333 0.156944
1 0.778125 0.706944 0.081250 0.127778
1 0.770312 0.489583 0.086458 0.140278
1 0.768750 0.276389 0.087500 0.108333
1 0.747917 0.872222 0.079167 0.091667
1 0.267188 0.840278 0.078125 0.080556
1 0.165104 0.804167 0.088542 0.091667
1 0.205729 0.240972 0.059375 0.104167
