1 0.100000 0.250000 0.062500 0.075000
1 0.636458 0.749306 0.108333 0.159722
1 0.273438 0.264583 0.111458 0.126389
1 0.346354 0.874306 0.076042 0.093056
1 0.671875 0.491667 0.102083 0.175000
1 0.250000 0.140278 0.089583 0.102778
1 0.627083 0.920139 0.087500 0.104167
1 0.117188 0.577778 0.073958 0.100000
1 0.591146 0.087500 0.086458 0.152778
1 0.769792 0.275694 0.089583 0.112500
1 0.778646 0.708333 0.082292 0.130556
1 0.748958 0.870833 0.077083 0.094444
1 0.769792 0.488194 0.087500 0.137500
1 0.265104 0.840972 0.086458 0.084722
1 0.168229 0.793750 0.092708 0.087500
