1 0.118229 0.218750 0.057292 0.070833
1 0.767708 0.259028 0.089583 0.098611
1 0.671354 0.492361 0.103125 0.173611
1 0.635417 0.747917 0.110417 0.162500
1 0.772396 0.485417 0.092708 0.134722
1 0.117708 0.577778 0.079167 0.105556
1 0.163021 0.800694 0.090625 0.090278
1 0.346354 0.876389 0.078125 0.094444
1 0.275000 0.270139 0.106250 0.129167
1 0.627083 0.920139 0.087500 0.104167
1 0.591667 0.089583 0.087500 0.151389
1 0.254688 0.136806 0.092708 0.101389
1 0.748958 0.870833 0.077083 0.094444
1 0.778646 0.706944 0.084375 0.130556
1 0.204687 0.245833 0.067708 0.116667
1 0.265104 0.838194 0.078125 0.090278
