1 0.170313 0.184028 0.073958 0.095833
1 0.259896 0.836806 0.069792 0.087500
1 0.775521 0.236806 0.103125 0.131944
1 0.675521 0.491667 0.096875 0.188889
1 0.282292 0.259028 0.104167 0.131944
1 0.116667 0.577083 0.079167 0.104167
1 0.626042 0.747222 0.131250 0.161111
1 0.588542 0.088194 0.081250 0.145833
1 0.345313 0.875694 0.076042 0.087500
1 0.747396 0.868056 0.078125 0.094444
1 0.163021 0.799306 0.084375 0.090278
1 0.204687 0.236111 0.063542 0.102778
1 0.767188 0.486806 0.082292 0.131944
1 0.626042 0.919444 0.087500 0.105556
1 0.254167 0.136806 0.089583 0.106944
1 0.777083 0.706944 0.085417 0.127778
