1 0.178125 0.181250 0.072917 0.104167
1 0.201563 0.240278 0.061458 0.097222
1 0.260417 0.838194 0.070833 0.087500
1 0.675000 0.492361 0.097917 0.187500
1 0.774479 0.235417 0.103125 0.137500
1 0.117188 0.579167 0.078125 0.102778
1 0.283333 0.257639 0.106250 0.129167
1 0.591146 0.088194 0.080208 0.148611
1 0.626042 0.747917 0.131250 0.162500
1 0.345313 0.877083 0.076042 0.087500
1 0.746875 0.868750 0.079167 0.095833
1 0.163021 0.800000 0.084375 0.088889
1 0.626563 0.920139 0.088542 0.104167
1 0.253646 0.136806 0.090625 0.106944
1 0.767708 0.488194 0.083333 0.134722
1 0.777604 0.708333 0.086458 0.127778
