1 0.186979 0.167361 0.076042 0.079167
1 0.190625 0.249306 0.075000 0.081944
1 0.259896 0.837500 0.069792 0.086111
1 0.672396 0.493750 0.107292 0.184722
1 0.775000 0.490278 0.100000 0.127778
1 0.744792 0.868056 0.083333 0.097222
1 0.772917 0.231944 0.102083 0.130556
1 0.116146 0.581944 0.076042 0.100000
1 0.283333 0.261111 0.104167 0.130556
1 0.776042 0.706944 0.083333 0.136111
1 0.593750 0.089583 0.083333 0.148611
1 0.625000 0.744444 0.127083 0.163889
1 0.256250 0.135417 0.095833 0.123611
1 0.625000 0.918750 0.087500 0.104167
1 0.345833 0.877083 0.077083 0.087500
1 0.163021 0.800694 0.084375 0.087500
1 0.149479 0.289583 0.078125 0.062500
