1 0.214583 0.161111 0.081250 0.091667
1 0.196354 0.248611 0.090625 0.080556
1 0.258854 0.837500 0.069792 0.086111
1 0.672396 0.493750 0.107292 0.184722
1 0.744792 0.868056 0.083333 0.097222
1 0.775000 0.490278 0.100000 0.127778
1 0.773438 0.228472 0.103125 0.137500
1 0.116146 0.582639 0.076042 0.101389
1 0.283854 0.258333 0.107292 0.136111
1 0.775521 0.706250 0.082292 0.134722
1 0.625000 0.743750 0.127083 0.165278
1 0.594271 0.088889 0.084375 0.150000
1 0.625000 0.918750 0.087500 0.104167
1 0.162500 0.801389 0.085417 0.088889
1 0.256771 0.135417 0.094792 0.120833
1 0.350000 0.887500 0.085417 0.108333
1 0.150000 0.288194 0.070833 0.068056
