1 0.313021 0.145139 0.128125 0.095833
1 0.193750 0.256250 0.064583 0.090278
1 0.745313 0.868056 0.084375 0.097222
1 0.669792 0.499306 0.110417 0.195833
1 0.263021 0.275000 0.096875 0.166667
1 0.626042 0.918056 0.091667 0.105556
1 0.351562 0.889583 0.090625 0.112500
1 0.636458 0.753472 0.125000 0.165278
1 0.769792 0.233333 0.100000 0.138889
1 0.116667 0.581250 0.079167 0.101389
1 0.264583 0.838194 0.081250 0.090278
1 0.148438 0.286806 0.076042 0.073611
1 0.594792 0.086111 0.089583 0.161111
1 0.160417 0.802778 0.085417 0.094444
1 0.777604 0.705556 0.086458 0.141667
1 0.771354 0.497917 0.111458 0.126389
