1 0.309896 0.163194 0.136458 0.112500
1 0.252083 0.247222 0.075000 0.108333
1 0.189583 0.247917 0.056250 0.079167
1 0.264062 0.275694 0.098958 0.165278
1 0.670833 0.499306 0.110417 0.195833
1 0.746354 0.868056 0.084375 0.097222
1 0.626042 0.918056 0.091667 0.105556
1 0.771875 0.233333 0.102083 0.136111
1 0.120313 0.573611 0.084375 0.113889
1 0.636458 0.752778 0.122917 0.166667
1 0.352604 0.888194 0.092708 0.112500
1 0.595313 0.086806 0.090625 0.159722
1 0.264583 0.839583 0.083333 0.093056
1 0.161979 0.802778 0.088542 0.097222
1 0.777604 0.706250 0.086458 0.140278
1 0.148438 0.302778 0.078125 0.108333
1 0.266667 0.132639 0.087500 0.137500
1 0.772396 0.495833 0.111458 0.127778
