1 0.192188 0.249306 0.063542 0.076389
1 0.263542 0.272222 0.097917 0.169444
1 0.670833 0.499306 0.110417 0.195833
1 0.746354 0.868056 0.084375 0.097222
1 0.626042 0.918056 0.091667 0.105556
1 0.636979 0.752778 0.123958 0.166667
1 0.772396 0.234028 0.103125 0.134722
1 0.354687 0.889583 0.096875 0.115278
1 0.305729 0.203472 0.126042 0.140278
1 0.161458 0.803472 0.087500 0.095833
1 0.117188 0.581250 0.078125 0.101389
1 0.150000 0.291667 0.075000 0.077778
1 0.264583 0.839583 0.083333 0.093056
1 0.777604 0.704861 0.086458 0.140278
1 0.268229 0.131250 0.082292 0.129167
1 0.595313 0.087500 0.090625 0.163889
1 0.772396 0.495833 0.111458 0.127778
