1 0.263542 0.272222 0.097917 0.172222
1 0.169271 0.799306 0.103125 0.098611
1 0.625521 0.917361 0.092708 0.106944
1 0.747396 0.868056 0.084375 0.097222
1 0.353646 0.886111 0.098958 0.113889
1 0.638542 0.752083 0.116667 0.170833
1 0.673438 0.495833 0.111458 0.191667
1 0.120833 0.571528 0.083333 0.118056
1 0.277083 0.125694 0.081250 0.148611
1 0.148958 0.288889 0.085417 0.077778
1 0.769271 0.236111 0.094792 0.138889
1 0.265625 0.840972 0.085417 0.095833
1 0.315625 0.225000 0.127083 0.097222
1 0.778646 0.706944 0.088542 0.147222
1 0.194271 0.250000 0.069792 0.088889
1 0.596875 0.088889 0.095833 0.158333
1 0.774479 0.487500 0.107292 0.138889
