1 0.263542 0.275000 0.097917 0.166667
1 0.169271 0.799306 0.103125 0.098611
1 0.747396 0.868056 0.084375 0.097222
1 0.625521 0.917361 0.092708 0.106944
1 0.673958 0.497222 0.110417 0.194444
1 0.322917 0.222917 0.112500 0.104167
1 0.277083 0.120139 0.079167 0.140278
1 0.353646 0.886111 0.098958 0.113889
1 0.639062 0.752083 0.115625 0.170833
1 0.120833 0.572222 0.081250 0.116667
1 0.150000 0.289583 0.085417 0.076389
1 0.768750 0.235417 0.093750 0.143056
1 0.193750 0.249306 0.068750 0.084722
1 0.265625 0.840972 0.085417 0.095833
1 0.778646 0.706944 0.088542 0.147222
1 0.598437 0.089583 0.094792 0.156944
1 0.773958 0.487500 0.108333 0.138889
