1 0.169271 0.799306 0.103125 0.098611
1 0.260937 0.269444 0.094792 0.177778
1 0.119792 0.573611 0.083333 0.116667
1 0.348438 0.204167 0.084375 0.141667
1 0.626042 0.917361 0.093750 0.106944
1 0.746354 0.868056 0.084375 0.097222
1 0.268229 0.125694 0.084375 0.134722
1 0.675521 0.499306 0.109375 0.195833
1 0.355208 0.886111 0.097917 0.113889
1 0.639583 0.752083 0.116667 0.170833
1 0.266667 0.839583 0.087500 0.095833
1 0.772917 0.492361 0.108333 0.137500
1 0.152083 0.291667 0.077083 0.075000
1 0.779167 0.706250 0.089583 0.145833
1 0.598437 0.090972 0.092708 0.159722
1 0.768229 0.242361 0.094792 0.131944
1 0.193229 0.252083 0.067708 0.090278
