1 0.046354 0.354861 0.065625 0.048611
1 0.169271 0.799306 0.103125 0.098611
1 0.347396 0.881250 0.078125 0.101389
1 0.747917 0.868056 0.085417 0.097222
1 0.120313 0.573611 0.084375 0.113889
1 0.626042 0.917361 0.093750 0.106944
1 0.772396 0.493750 0.109375 0.137500
1 0.262500 0.268056 0.095833 0.180556
1 0.675521 0.499306 0.111458 0.195833
1 0.265625 0.834028 0.087500 0.087500
1 0.350000 0.202778 0.079167 0.138889
1 0.266146 0.125000 0.088542 0.136111
1 0.770833 0.264583 0.100000 0.087500
1 0.598958 0.088194 0.093750 0.143056
1 0.640625 0.750000 0.116667 0.169444
1 0.151042 0.291667 0.075000 0.075000
1 0.777604 0.707639 0.088542 0.134722
1 0.196354 0.255556 0.069792 0.113889
