1 0.672917 0.486806 0.114583 0.170833
1 0.772396 0.493750 0.109375 0.137500
1 0.169271 0.799306 0.103125 0.098611
1 0.347396 0.881944 0.078125 0.102778
1 0.119271 0.573611 0.084375 0.113889
1 0.775521 0.707639 0.086458 0.129167
1 0.626042 0.916667 0.093750 0.105556
1 0.263021 0.268056 0.096875 0.180556
1 0.268229 0.124306 0.084375 0.140278
1 0.645833 0.738194 0.114583 0.151389
1 0.350000 0.202778 0.079167 0.138889
1 0.772396 0.266667 0.101042 0.088889
1 0.746354 0.867361 0.084375 0.095833
1 0.598958 0.087500 0.093750 0.141667
1 0.266146 0.831944 0.086458 0.088889
1 0.150000 0.292361 0.077083 0.076389
1 0.062500 0.338194 0.072917 0.095833
1 0.198958 0.254861 0.062500 0.123611
