1 0.772396 0.493750 0.109375 0.137500
1 0.672917 0.486806 0.114583 0.170833
1 0.169271 0.799306 0.103125 0.098611
1 0.347396 0.881944 0.076042 0.102778
1 0.775521 0.708333 0.086458 0.127778
1 0.118750 0.574306 0.083333 0.115278
1 0.626042 0.916667 0.093750 0.105556
1 0.263021 0.268056 0.096875 0.180556
1 0.747917 0.867361 0.085417 0.098611
1 0.266146 0.831250 0.086458 0.087500
1 0.270313 0.125694 0.084375 0.137500
1 0.647917 0.737500 0.114583 0.150000
1 0.351042 0.202778 0.079167 0.138889
1 0.150521 0.292361 0.076042 0.076389
1 0.598958 0.086806 0.093750 0.143056
1 0.770312 0.266667 0.103125 0.083333
1 0.064583 0.334722 0.072917 0.116667
1 0.200000 0.251389 0.062500 0.122222
1 0.218229 0.680556 0.094792 0.122222
