1 0.672917 0.486806 0.114583 0.170833
1 0.772396 0.493750 0.109375 0.137500
1 0.347396 0.881944 0.076042 0.102778
1 0.169271 0.798611 0.103125 0.100000
1 0.775521 0.707639 0.086458 0.129167
1 0.626042 0.916667 0.093750 0.105556
1 0.118750 0.573611 0.083333 0.113889
1 0.268750 0.126389 0.081250 0.130556
1 0.350000 0.201389 0.079167 0.138889
1 0.265625 0.829861 0.085417 0.090278
1 0.598958 0.086806 0.093750 0.143056
1 0.647917 0.736806 0.114583 0.148611
1 0.769271 0.267361 0.103125 0.081944
1 0.269271 0.275000 0.088542 0.152778
1 0.065104 0.339583 0.069792 0.101389
1 0.214062 0.681250 0.109375 0.120833
1 0.747396 0.870833 0.084375 0.102778
1 0.149479 0.293056 0.076042 0.080556
