1 0.772396 0.493056 0.109375 0.136111
1 0.672917 0.486806 0.114583 0.168056
1 0.169271 0.799306 0.105208 0.098611
1 0.346875 0.881944 0.077083 0.105556
1 0.775521 0.706944 0.086458 0.130556
1 0.626042 0.916667 0.093750 0.105556
1 0.118229 0.574306 0.082292 0.115278
1 0.265104 0.831250 0.086458 0.087500
1 0.597917 0.085417 0.093750 0.143056
1 0.647917 0.736806 0.114583 0.151389
1 0.219792 0.684028 0.114583 0.131944
1 0.745833 0.868056 0.083333 0.100000
1 0.269792 0.124306 0.081250 0.134722
1 0.768229 0.266667 0.101042 0.080556
1 0.268750 0.274306 0.081250 0.154167
1 0.064062 0.336806 0.073958 0.106944
1 0.347917 0.218056 0.072917 0.105556
1 0.150000 0.291667 0.077083 0.077778
1 0.207813 0.163889 0.096875 0.119444
