1 0.169271 0.798611 0.105208 0.100000
1 0.347917 0.881944 0.077083 0.102778
1 0.626042 0.916667 0.091667 0.105556
1 0.772396 0.493750 0.109375 0.137500
1 0.675000 0.499306 0.110417 0.195833
1 0.265625 0.831250 0.085417 0.087500
1 0.747396 0.868750 0.084375 0.098611
1 0.119271 0.574306 0.082292 0.115278
1 0.598958 0.086111 0.093750 0.147222
1 0.768750 0.266667 0.102083 0.080556
1 0.640104 0.752083 0.117708 0.170833
1 0.269271 0.125694 0.084375 0.131944
1 0.219271 0.682639 0.117708 0.131944
1 0.347917 0.219444 0.072917 0.102778
1 0.064583 0.340972 0.075000 0.101389
1 0.777604 0.708333 0.088542 0.133333
1 0.151042 0.291667 0.079167 0.077778
1 0.268750 0.274306 0.085417 0.145833
1 0.200521 0.167361 0.103125 0.101389
