1 0.169271 0.798611 0.105208 0.100000
1 0.346875 0.880556 0.077083 0.100000
1 0.625521 0.918056 0.092708 0.105556
1 0.265625 0.830556 0.085417 0.088889
1 0.675000 0.503472 0.108333 0.190278
1 0.745313 0.871528 0.084375 0.101389
1 0.119271 0.574306 0.082292 0.115278
1 0.599479 0.086111 0.092708 0.147222
1 0.772917 0.492361 0.106250 0.140278
1 0.268750 0.126389 0.083333 0.130556
1 0.769271 0.267361 0.103125 0.084722
1 0.638021 0.752778 0.115625 0.172222
1 0.217708 0.680556 0.116667 0.127778
1 0.778646 0.707639 0.088542 0.137500
1 0.348958 0.221528 0.070833 0.098611
1 0.271354 0.279167 0.084375 0.141667
1 0.063542 0.331944 0.072917 0.102778
1 0.147917 0.293750 0.081250 0.073611
1 0.192188 0.163194 0.086458 0.106944
