1 0.169792 0.798611 0.106250 0.100000
1 0.347396 0.881250 0.078125 0.101389
1 0.625521 0.916667 0.092708 0.105556
1 0.746875 0.870139 0.085417 0.101389
1 0.266146 0.830556 0.084375 0.088889
1 0.119271 0.573611 0.082292 0.113889
1 0.772396 0.493056 0.109375 0.141667
1 0.598958 0.086111 0.093750 0.147222
1 0.676042 0.507639 0.114583 0.184722
1 0.770312 0.268750 0.105208 0.087500
1 0.268750 0.127083 0.083333 0.129167
1 0.638021 0.752778 0.115625 0.172222
1 0.218750 0.681250 0.112500 0.120833
1 0.778646 0.707639 0.088542 0.137500
1 0.348958 0.221528 0.070833 0.098611
1 0.270313 0.278472 0.086458 0.143056
1 0.064583 0.327083 0.072917 0.098611
1 0.147917 0.293056 0.079167 0.072222
1 0.178646 0.170833 0.098958 0.108333
