1 0.168750 0.799306 0.104167 0.098611
1 0.347396 0.881944 0.078125 0.102778
1 0.625521 0.918056 0.092708 0.105556
1 0.747917 0.869444 0.087500 0.097222
1 0.772396 0.493056 0.109375 0.141667
1 0.118229 0.572917 0.082292 0.115278
1 0.675521 0.508333 0.115625 0.183333
1 0.598958 0.086111 0.093750 0.147222
1 0.265625 0.831250 0.085417 0.087500
1 0.769792 0.268056 0.104167 0.086111
1 0.638021 0.752778 0.115625 0.172222
1 0.268750 0.127778 0.085417 0.127778
1 0.778646 0.708333 0.088542 0.138889
1 0.270833 0.279167 0.085417 0.144444
1 0.339583 0.222222 0.093750 0.100000
1 0.220312 0.681250 0.101042 0.120833
1 0.061979 0.323611 0.076042 0.086111
1 0.148958 0.293056 0.081250 0.072222
1 0.168750 0.181250 0.095833 0.081944
