1 0.168750 0.800000 0.102083 0.097222
1 0.349479 0.883333 0.080208 0.102778
1 0.120313 0.573611 0.084375 0.116667
1 0.626042 0.918056 0.091667 0.105556
1 0.265625 0.831250 0.087500 0.087500
1 0.772917 0.491667 0.108333 0.138889
1 0.673958 0.508333 0.112500 0.183333
1 0.598958 0.086806 0.095833 0.145833
1 0.746875 0.868056 0.085417 0.097222
1 0.268750 0.127778 0.085417 0.133333
1 0.769792 0.267361 0.104167 0.084722
1 0.636979 0.753472 0.117708 0.173611
1 0.265104 0.276389 0.096875 0.130556
1 0.779167 0.708333 0.089583 0.138889
1 0.345833 0.217361 0.093750 0.104167
1 0.154688 0.292361 0.082292 0.073611
1 0.054167 0.343750 0.068750 0.081944
