1 0.047396 0.355556 0.063542 0.088889
1 0.169271 0.799306 0.103125 0.095833
1 0.626042 0.918056 0.091667 0.105556
1 0.772917 0.491667 0.106250 0.141667
1 0.119271 0.572917 0.082292 0.118056
1 0.265625 0.832639 0.087500 0.084722
1 0.350521 0.881944 0.082292 0.102778
1 0.598958 0.086806 0.095833 0.145833
1 0.746354 0.868056 0.086458 0.097222
1 0.769792 0.268056 0.104167 0.086111
1 0.676042 0.509028 0.112500 0.181944
1 0.266667 0.125694 0.083333 0.131944
1 0.636458 0.752083 0.116667 0.173611
1 0.260937 0.275694 0.103125 0.131944
1 0.779167 0.706944 0.089583 0.138889
1 0.347917 0.209028 0.087500 0.120833
1 0.153646 0.289583 0.080208 0.076389
1 0.097917 0.228472 0.064583 0.076389
