1 0.169271 0.800000 0.103125 0.097222
1 0.626042 0.918056 0.091667 0.105556
1 0.775000 0.492361 0.104167 0.137500
1 0.119792 0.572917 0.083333 0.118056
1 0.599479 0.086806 0.094792 0.145833
1 0.265625 0.832639 0.087500 0.084722
1 0.746875 0.868056 0.087500 0.097222
1 0.351042 0.883333 0.083333 0.102778
1 0.267708 0.126389 0.083333 0.133333
1 0.770312 0.268056 0.105208 0.086111
1 0.636979 0.753472 0.117708 0.173611
1 0.261458 0.275694 0.104167 0.131944
1 0.677083 0.507639 0.114583 0.181944
1 0.779167 0.707639 0.089583 0.140278
1 0.345313 0.205556 0.082292 0.130556
1 0.153125 0.291667 0.079167 0.075000
1 0.091146 0.243056 0.063542 0.063889
