1 0.166146 0.799306 0.103125 0.095833
1 0.626042 0.916667 0.091667 0.105556
1 0.745833 0.864583 0.085417 0.098611
1 0.669271 0.506250 0.107292 0.187500
1 0.597917 0.086806 0.095833 0.148611
1 0.770833 0.493056 0.108333 0.138889
1 0.116667 0.568056 0.083333 0.113889
1 0.347917 0.880556 0.083333 0.102778
1 0.264583 0.832639 0.085417 0.087500
1 0.635417 0.752778 0.116667 0.172222
1 0.259896 0.274306 0.103125 0.131944
1 0.778646 0.705556 0.088542 0.133333
1 0.351562 0.211111 0.092708 0.119444
1 0.769792 0.277778 0.104167 0.105556
1 0.151042 0.291667 0.075000 0.075000
1 0.263542 0.111806 0.093750 0.154167
1 0.213542 0.686806 0.110417 0.118056
