1 0.169271 0.799306 0.101042 0.098611
1 0.626042 0.917361 0.091667 0.104167
1 0.748437 0.868056 0.088542 0.097222
1 0.772396 0.493056 0.109375 0.138889
1 0.267708 0.125694 0.081250 0.131944
1 0.597396 0.085417 0.090625 0.151389
1 0.638542 0.752778 0.118750 0.172222
1 0.349479 0.883333 0.082292 0.102778
1 0.118229 0.570833 0.082292 0.113889
1 0.673438 0.509028 0.113542 0.184722
1 0.265625 0.832639 0.085417 0.087500
1 0.347396 0.209722 0.090625 0.122222
1 0.779167 0.704861 0.089583 0.134722
1 0.260937 0.277083 0.103125 0.131944
1 0.771354 0.279861 0.105208 0.106944
1 0.151042 0.290972 0.081250 0.076389
1 0.218750 0.691667 0.110417 0.116667
