1 0.254688 0.275000 0.113542 0.125000
1 0.747917 0.868056 0.087500 0.097222
1 0.625521 0.917361 0.092708 0.104167
1 0.168750 0.800000 0.100000 0.097222
1 0.771354 0.493750 0.109375 0.140278
1 0.596875 0.086111 0.091667 0.147222
1 0.671354 0.506250 0.107292 0.187500
1 0.118229 0.571528 0.082292 0.115278
1 0.639062 0.751389 0.117708 0.172222
1 0.349479 0.883333 0.082292 0.102778
1 0.267708 0.127778 0.083333 0.133333
1 0.265625 0.832639 0.085417 0.087500
1 0.346354 0.211806 0.090625 0.126389
1 0.779167 0.705556 0.089583 0.130556
1 0.770312 0.279861 0.103125 0.106944
1 0.152604 0.291667 0.082292 0.075000
1 0.217188 0.691667 0.115625 0.116667
