1 0.169271 0.799306 0.101042 0.098611
1 0.744792 0.866667 0.085417 0.094444
1 0.626042 0.916667 0.091667 0.105556
1 0.348958 0.884028 0.083333 0.104167
1 0.265625 0.830556 0.087500 0.086111
1 0.119271 0.572917 0.082292 0.115278
1 0.770312 0.493056 0.109375 0.138889
1 0.267708 0.125694 0.083333 0.131944
1 0.597396 0.085417 0.090625 0.148611
1 0.668750 0.506250 0.102083 0.187500
1 0.638542 0.750694 0.118750 0.170833
1 0.347917 0.209722 0.091667 0.125000
1 0.260937 0.277083 0.103125 0.137500
1 0.776042 0.706944 0.085417 0.133333
1 0.769271 0.279167 0.101042 0.105556
1 0.148958 0.293056 0.083333 0.077778
