1 0.169271 0.800000 0.103125 0.097222
1 0.261458 0.268750 0.100000 0.179167
1 0.120313 0.573611 0.084375 0.113889
1 0.626042 0.917361 0.091667 0.104167
1 0.269271 0.127083 0.082292 0.137500
1 0.348958 0.883333 0.081250 0.102778
1 0.745313 0.868056 0.084375 0.097222
1 0.265625 0.830556 0.085417 0.086111
1 0.771875 0.493056 0.110417 0.138889
1 0.767708 0.263889 0.097917 0.086111
1 0.668750 0.506250 0.100000 0.187500
1 0.350521 0.212500 0.094792 0.122222
1 0.638542 0.751389 0.116667 0.172222
1 0.596354 0.085417 0.090625 0.148611
1 0.777604 0.707639 0.086458 0.134722
