1 0.307812 0.168750 0.128125 0.104167
1 0.192188 0.249306 0.065625 0.084722
1 0.772917 0.230556 0.102083 0.127778
1 0.772396 0.493750 0.113542 0.137500
1 0.671354 0.499306 0.111458 0.195833
1 0.780208 0.706250 0.091667 0.137500
1 0.747396 0.868056 0.084375 0.097222
1 0.635417 0.755556 0.127083 0.163889
1 0.626042 0.918056 0.091667 0.105556
1 0.119271 0.581944 0.082292 0.102778
1 0.161458 0.802778 0.085417 0.094444
1 0.265104 0.838194 0.080208 0.090278
1 0.353646 0.889583 0.090625 0.115278
1 0.595833 0.087500 0.089583 0.158333
1 0.268229 0.128472 0.086458 0.126389
1 0.263542 0.275000 0.097917 0.166667
1 0.147396 0.297222 0.076042 0.080556
