1 0.169792 0.798611 0.104167 0.100000
1 0.347396 0.881944 0.078125 0.102778
1 0.625521 0.918056 0.092708 0.105556
1 0.746875 0.868750 0.083333 0.098611
1 0.674479 0.499306 0.109375 0.195833
1 0.265625 0.831250 0.085417 0.087500
1 0.772917 0.493750 0.108333 0.137500
1 0.598958 0.086111 0.093750 0.147222
1 0.119271 0.574306 0.082292 0.115278
1 0.219792 0.685417 0.118750 0.134722
1 0.268750 0.127083 0.085417 0.134722
1 0.768750 0.266667 0.102083 0.080556
1 0.638021 0.753472 0.115625 0.173611
1 0.778646 0.709028 0.088542 0.137500
1 0.347917 0.220833 0.072917 0.100000
1 0.267708 0.275000 0.087500 0.130556
1 0.063542 0.332639 0.072917 0.098611
1 0.148438 0.293056 0.080208 0.075000
1 0.192188 0.168056 0.098958 0.102778
