1 0.199479 0.257639 0.063542 0.123611
1 0.771354 0.268056 0.103125 0.086111
1 0.772917 0.493750 0.108333 0.137500
1 0.672917 0.486806 0.114583 0.170833
1 0.776042 0.709028 0.087500 0.129167
1 0.747396 0.870833 0.084375 0.091667
1 0.643750 0.739583 0.112500 0.151389
1 0.626042 0.918056 0.093750 0.105556
1 0.119792 0.574306 0.083333 0.115278
1 0.169792 0.799306 0.104167 0.098611
1 0.266667 0.834722 0.085417 0.088889
1 0.347917 0.882639 0.077083 0.101389
1 0.597917 0.088194 0.093750 0.143056
1 0.267708 0.126389 0.085417 0.138889
1 0.263542 0.268056 0.095833 0.180556
1 0.151042 0.291667 0.077083 0.075000
1 0.348438 0.203472 0.076042 0.137500
1 0.057292 0.339583 0.070833 0.081944
