1 0.065625 0.278472 0.066667 0.065278
1 0.636979 0.750694 0.107292 0.159722
1 0.346354 0.873611 0.076042 0.091667
1 0.672396 0.493056 0.098958 0.175000
1 0.272917 0.263194 0.102083 0.118056
1 0.117188 0.578472 0.076042 0.101389
1 0.247396 0.138194 0.090625 0.098611
1 0.627083 0.920833 0.087500 0.102778
1 0.589063 0.090278 0.084375 0.155556
1 0.778646 0.708333 0.082292 0.130556
1 0.748958 0.871528 0.079167 0.095833
1 0.769792 0.490972 0.085417 0.143056
1 0.768229 0.276389 0.088542 0.108333
1 0.066146 0.279861 0.067708 0.068056
1 0.167187 0.796528 0.109375 0.093056
