1 0.194271 0.251389 0.071875 0.094444
1 0.769271 0.236806 0.094792 0.140278
1 0.772396 0.488194 0.103125 0.134722
1 0.670833 0.490972 0.116667 0.184722
1 0.779167 0.712500 0.089583 0.144444
1 0.747396 0.868056 0.084375 0.097222
1 0.639583 0.754167 0.118750 0.172222
1 0.626042 0.918056 0.093750 0.105556
1 0.121354 0.572917 0.082292 0.115278
1 0.169792 0.799306 0.104167 0.098611
1 0.267188 0.836111 0.084375 0.094444
1 0.355208 0.886806 0.095833 0.118056
1 0.594792 0.095833 0.095833 0.155556
1 0.276562 0.125694 0.086458 0.148611
1 0.263021 0.272222 0.096875 0.169444
1 0.150000 0.288889 0.085417 0.077778
1 0.316146 0.223611 0.128125 0.091667
