1 0.169271 0.799306 0.103125 0.098611
1 0.261979 0.268056 0.096875 0.180556
1 0.120313 0.573611 0.084375 0.116667
1 0.626042 0.917361 0.093750 0.106944
1 0.746354 0.868056 0.084375 0.097222
1 0.675521 0.499306 0.109375 0.195833
1 0.265625 0.127083 0.091667 0.131944
1 0.266146 0.834722 0.088542 0.088889
1 0.354687 0.886111 0.092708 0.111111
1 0.351042 0.202778 0.079167 0.138889
1 0.639583 0.752083 0.116667 0.170833
1 0.772917 0.492361 0.108333 0.137500
1 0.152083 0.291667 0.077083 0.075000
1 0.779167 0.706944 0.089583 0.144444
1 0.768229 0.262500 0.094792 0.091667
1 0.598437 0.090972 0.092708 0.156944
1 0.195833 0.248611 0.075000 0.091667
