1 0.772396 0.493750 0.109375 0.137500
1 0.672396 0.486806 0.115625 0.170833
1 0.347396 0.881944 0.076042 0.102778
1 0.775521 0.708333 0.086458 0.127778
1 0.169271 0.799306 0.103125 0.098611
1 0.626042 0.916667 0.093750 0.105556
1 0.119271 0.574306 0.082292 0.115278
1 0.265625 0.830556 0.085417 0.088889
1 0.218229 0.686806 0.117708 0.134722
1 0.350000 0.202083 0.079167 0.140278
1 0.270833 0.124306 0.079167 0.131944
1 0.598958 0.086806 0.093750 0.143056
1 0.648438 0.736806 0.115625 0.148611
1 0.769271 0.266667 0.103125 0.083333
1 0.268229 0.275000 0.088542 0.152778
1 0.747396 0.870139 0.084375 0.101389
1 0.150521 0.290972 0.078125 0.076389
1 0.063542 0.340972 0.066667 0.101389
