1 0.168229 0.800000 0.103125 0.094444
1 0.626042 0.918056 0.091667 0.105556
1 0.746875 0.867361 0.085417 0.098611
1 0.118750 0.572917 0.083333 0.115278
1 0.348958 0.883333 0.081250 0.102778
1 0.599479 0.086111 0.094792 0.147222
1 0.268229 0.127083 0.082292 0.134722
1 0.770312 0.265278 0.103125 0.086111
1 0.265625 0.831250 0.085417 0.087500
1 0.682292 0.511111 0.120833 0.191667
1 0.637500 0.753472 0.116667 0.173611
1 0.773438 0.490972 0.105208 0.137500
1 0.348438 0.206250 0.078125 0.131944
1 0.779167 0.708333 0.089583 0.138889
1 0.150521 0.290278 0.076042 0.075000
1 0.264583 0.284722 0.097917 0.136111
