1 0.767708 0.259028 0.089583 0.098611
1 0.671354 0.492361 0.103125 0.173611
1 0.117708 0.577083 0.079167 0.106944
1 0.635417 0.747917 0.110417 0.162500
1 0.346875 0.875694 0.079167 0.095833
1 0.772396 0.484722 0.092708 0.136111
1 0.275000 0.270833 0.106250 0.127778
1 0.163542 0.800694 0.091667 0.090278
1 0.627083 0.920139 0.087500 0.104167
1 0.591146 0.089583 0.088542 0.151389
1 0.254167 0.136806 0.091667 0.101389
1 0.748958 0.870833 0.077083 0.094444
1 0.778646 0.706944 0.084375 0.130556
1 0.203125 0.238889 0.066667 0.102778
1 0.123438 0.211806 0.059375 0.084722
