1 0.196875 0.249306 0.072917 0.090278
1 0.770312 0.236806 0.094792 0.140278
1 0.773958 0.493750 0.108333 0.137500
1 0.676042 0.499306 0.110417 0.195833
1 0.779167 0.706944 0.089583 0.144444
1 0.747396 0.868056 0.084375 0.097222
1 0.640625 0.752778 0.118750 0.172222
1 0.626042 0.918056 0.093750 0.105556
1 0.121354 0.574306 0.082292 0.115278
1 0.169792 0.799306 0.104167 0.098611
1 0.265625 0.840972 0.091667 0.098611
1 0.353646 0.888194 0.098958 0.115278
1 0.600521 0.089583 0.092708 0.156944
1 0.277083 0.121528 0.079167 0.143056
1 0.261458 0.268750 0.095833 0.179167
1 0.153125 0.291667 0.077083 0.075000
1 0.347917 0.204167 0.085417 0.141667
