1 0.201563 0.252083 0.059375 0.129167
1 0.770833 0.267361 0.102083 0.079167
1 0.772917 0.493750 0.108333 0.137500
1 0.672917 0.486806 0.114583 0.170833
1 0.777604 0.709028 0.084375 0.129167
1 0.747396 0.868056 0.084375 0.097222
1 0.646354 0.738889 0.117708 0.150000
1 0.626042 0.918056 0.093750 0.105556
1 0.118750 0.574306 0.083333 0.115278
1 0.169792 0.799306 0.104167 0.098611
1 0.266667 0.831944 0.085417 0.088889
1 0.347917 0.882639 0.077083 0.101389
1 0.598958 0.088194 0.093750 0.143056
1 0.271354 0.127778 0.078125 0.141667
1 0.263542 0.268056 0.095833 0.180556
1 0.151042 0.291667 0.077083 0.075000
1 0.351562 0.202778 0.080208 0.138889
1 0.066667 0.336806 0.066667 0.118056
