1 0.288542 0.142361 0.110417 0.134722
1 0.198437 0.252778 0.076042 0.094444
1 0.770833 0.229167 0.102083 0.127778
1 0.776042 0.488889 0.100000 0.125000
1 0.673438 0.493750 0.107292 0.184722
1 0.778646 0.709028 0.088542 0.143056
1 0.744792 0.868056 0.083333 0.097222
1 0.634896 0.752778 0.128125 0.169444
1 0.625521 0.920833 0.090625 0.108333
1 0.116146 0.582639 0.076042 0.098611
1 0.160938 0.804861 0.088542 0.095833
1 0.265625 0.837500 0.079167 0.083333
1 0.352604 0.889583 0.090625 0.112500
1 0.596875 0.086806 0.085417 0.148611
1 0.289062 0.275694 0.144792 0.156944
1 0.147917 0.291667 0.075000 0.069444
