1 0.16941982905069988 0.8001658121744791 0.10340590476989746 0.09831899007161458
1 0.3500708897908529 0.8843757629394531 0.0810776710510254 0.1034269544813368
1 0.626229731241862 0.9186297098795573 0.0918008804321289 0.10478396945529514
1 0.7474945068359375 0.8683703104654948 0.08596286773681641 0.09844156901041666
1 0.266398016611735 0.8321473015679254 0.08632473945617676 0.08678232828776042
1 0.5999420166015625 0.08709180619981553 0.0950482686360677 0.1471843719482422
1 0.7705935160319011 0.2690431806776259 0.10489635467529297 0.0863534927368164
1 0.637896728515625 0.7542572869194879 0.11730670928955078 0.17415008544921876
1 0.26830005645751953 0.12768208185831706 0.08233413696289063 0.13353646596272786
1 0.11951098442077637 0.5738048977322049 0.08204952081044516 0.11535135904947917
1 0.2625583171844482 0.2770594278971354 0.10460290908813477 0.1300732930501302
1 0.6825921376546223 0.5115216149224175 0.12268962860107421 0.18966683281792535
1 0.7747779846191406 0.49157591925726996 0.10499216715494791 0.13654980129665797
1 0.3490833918253581 0.20675459967719184 0.07787446975708008 0.13060878117879232
1 0.7795662562052409 0.7091142018636067 0.08967984517415364 0.1408404032389323
1 0.15055422782897948 0.29417936537000866 0.08062118689219157 0.07811330159505209
1 0.6829214731852213 0.5330008612738715 0.12133636474609374 0.14371812608506945
1 0.2635692596435547 0.28441111246744794 0.1070078690846761 0.13198206159803602
