1 0.169271 0.800000 0.103125 0.097222
1 0.626042 0.918056 0.091667 0.105556
1 0.774479 0.492361 0.105208 0.137500
1 0.119792 0.572917 0.083333 0.118056
1 0.599479 0.086806 0.094792 0.145833
1 0.266146 0.833333 0.086458 0.086111
1 0.746875 0.868056 0.085417 0.097222
1 0.350521 0.882639 0.084375 0.104167
1 0.268229 0.126389 0.082292 0.133333
1 0.676562 0.507639 0.113542 0.181944
1 0.770312 0.268056 0.105208 0.086111
1 0.636979 0.753472 0.117708 0.173611
1 0.266146 0.277778 0.094792 0.127778
1 0.779167 0.708333 0.089583 0.138889
1 0.348958 0.205556 0.077083 0.130556
1 0.152604 0.290972 0.080208 0.076389
1 0.094271 0.238194 0.063542 0.070833
1 0.046354 0.363194 0.063542 0.081944
