1 0.159375 0.188889 0.070833 0.075000
1 0.622917 0.755556 0.141667 0.161111
1 0.778646 0.707639 0.086458 0.126389
1 0.748437 0.865972 0.078125 0.098611
1 0.629167 0.921528 0.083333 0.098611
1 0.676042 0.493056 0.095833 0.186111
1 0.769792 0.481944 0.085417 0.144444
1 0.774479 0.242361 0.098958 0.120833
1 0.591146 0.084722 0.082292 0.147222
1 0.255208 0.143056 0.097917 0.105556
1 0.281771 0.256944 0.090625 0.130556
1 0.207292 0.247917 0.062500 0.106944
1 0.119271 0.575694 0.078125 0.098611
1 0.157292 0.799306 0.070833 0.093056
1 0.344271 0.877778 0.073958 0.083333
1 0.263021 0.840278 0.069792 0.086111
