1 0.149479 0.193056 0.065625 0.075000
1 0.623958 0.755556 0.141667 0.161111
1 0.779687 0.707639 0.086458 0.126389
1 0.749479 0.867361 0.078125 0.098611
1 0.630208 0.921528 0.083333 0.098611
1 0.676042 0.494444 0.095833 0.186111
1 0.770833 0.482639 0.085417 0.143056
1 0.771875 0.243750 0.093750 0.123611
1 0.592187 0.086111 0.082292 0.147222
1 0.255729 0.143750 0.098958 0.104167
1 0.281771 0.258333 0.090625 0.130556
1 0.208333 0.248611 0.062500 0.108333
1 0.119271 0.577083 0.078125 0.098611
1 0.157292 0.800000 0.070833 0.091667
1 0.344271 0.877778 0.073958 0.083333
1 0.263021 0.840278 0.069792 0.086111
