1 0.169271 0.798611 0.105208 0.100000
1 0.347396 0.881944 0.076042 0.102778
1 0.772396 0.493056 0.109375 0.136111
1 0.674479 0.499306 0.111458 0.195833
1 0.626042 0.916667 0.093750 0.105556
1 0.118750 0.574306 0.083333 0.115278
1 0.265625 0.831250 0.085417 0.087500
1 0.746875 0.868056 0.083333 0.100000
1 0.219792 0.683333 0.114583 0.133333
1 0.270833 0.125694 0.081250 0.134722
1 0.598958 0.086806 0.093750 0.145833
1 0.768750 0.266667 0.102083 0.080556
1 0.645833 0.746528 0.118750 0.162500
1 0.269271 0.276389 0.082292 0.155556
1 0.347917 0.218750 0.072917 0.104167
1 0.065104 0.338889 0.073958 0.105556
1 0.151562 0.292361 0.078125 0.081944
1 0.777083 0.707639 0.087500 0.129167
