1 0.638021 0.754167 0.105208 0.163889
1 0.057292 0.298611 0.062500 0.063889
1 0.672396 0.497222 0.094792 0.169444
1 0.346875 0.873611 0.075000 0.091667
1 0.276562 0.266667 0.090625 0.116667
1 0.117708 0.577778 0.075000 0.097222
1 0.627083 0.922222 0.085417 0.100000
1 0.589063 0.091667 0.082292 0.158333
1 0.247917 0.140278 0.085417 0.100000
1 0.777604 0.704167 0.082292 0.122222
1 0.770833 0.491667 0.089583 0.138889
1 0.768750 0.275000 0.087500 0.108333
1 0.401042 0.093056 0.081250 0.086111
1 0.057813 0.297917 0.061458 0.062500
1 0.748437 0.877083 0.073958 0.098611
1 0.166667 0.800000 0.095833 0.091667
