1 0.169271 0.799306 0.101042 0.098611
1 0.745833 0.867361 0.085417 0.095833
1 0.626042 0.917361 0.091667 0.104167
1 0.349479 0.884028 0.082292 0.104167
1 0.265625 0.831944 0.087500 0.086111
1 0.119271 0.572917 0.082292 0.115278
1 0.771354 0.493056 0.109375 0.138889
1 0.268229 0.126389 0.082292 0.133333
1 0.597396 0.085417 0.090625 0.148611
1 0.668229 0.500694 0.103125 0.176389
1 0.638542 0.752083 0.118750 0.170833
1 0.347917 0.208333 0.079167 0.127778
1 0.777083 0.708333 0.085417 0.133333
1 0.770312 0.279861 0.101042 0.106944
1 0.149479 0.293056 0.082292 0.077778
1 0.261979 0.277778 0.096875 0.130556
