1 0.169271 0.800000 0.103125 0.097222
1 0.626042 0.918056 0.091667 0.105556
1 0.746875 0.868056 0.085417 0.097222
1 0.599479 0.086111 0.094792 0.147222
1 0.351042 0.883333 0.083333 0.102778
1 0.266146 0.832639 0.086458 0.084722
1 0.776042 0.491667 0.102083 0.138889
1 0.120833 0.572917 0.083333 0.118056
1 0.770312 0.268056 0.105208 0.086111
1 0.637500 0.753472 0.116667 0.173611
1 0.267708 0.127083 0.083333 0.131944
1 0.263542 0.273611 0.102083 0.133333
1 0.779167 0.708333 0.089583 0.138889
1 0.348438 0.206250 0.078125 0.129167
1 0.151562 0.293056 0.084375 0.080556
1 0.677083 0.513889 0.112500 0.133333
