1 0.273438 0.264583 0.111458 0.126389
1 0.636458 0.749306 0.108333 0.159722
1 0.671875 0.492361 0.102083 0.173611
1 0.346354 0.875000 0.078125 0.094444
1 0.769271 0.273611 0.090625 0.113889
1 0.250521 0.140278 0.090625 0.102778
1 0.627083 0.920139 0.087500 0.104167
1 0.117708 0.577778 0.075000 0.100000
1 0.591146 0.088889 0.086458 0.152778
1 0.770833 0.486111 0.089583 0.138889
1 0.778646 0.707639 0.082292 0.129167
1 0.748958 0.870833 0.077083 0.094444
1 0.160417 0.800000 0.085417 0.086111
1 0.096875 0.247917 0.058333 0.062500
