1 0.169271 0.799306 0.101042 0.098611
1 0.626042 0.917361 0.091667 0.104167
1 0.747917 0.868056 0.087500 0.100000
1 0.772917 0.493056 0.108333 0.138889
1 0.597917 0.085417 0.091667 0.151389
1 0.349479 0.883333 0.082292 0.102778
1 0.118229 0.570833 0.082292 0.113889
1 0.265625 0.832639 0.085417 0.087500
1 0.638021 0.752778 0.117708 0.172222
1 0.348958 0.207639 0.079167 0.129167
1 0.672396 0.510417 0.109375 0.179167
1 0.270313 0.125694 0.080208 0.131944
1 0.779167 0.704861 0.089583 0.134722
1 0.771875 0.278472 0.106250 0.106944
1 0.150521 0.292361 0.078125 0.076389
1 0.263542 0.277083 0.095833 0.129167
1 0.220312 0.140278 0.090625 0.097222
