1 0.168750 0.800000 0.102083 0.100000
1 0.347917 0.881944 0.079167 0.102778
1 0.626042 0.918056 0.091667 0.105556
1 0.772917 0.492361 0.108333 0.140278
1 0.119271 0.572917 0.082292 0.115278
1 0.675521 0.507639 0.115625 0.181944
1 0.747917 0.868750 0.087500 0.098611
1 0.598958 0.086806 0.095833 0.145833
1 0.265625 0.831250 0.085417 0.087500
1 0.268229 0.128472 0.086458 0.129167
1 0.770312 0.267361 0.105208 0.084722
1 0.637500 0.753472 0.116667 0.173611
1 0.779167 0.707639 0.089583 0.140278
1 0.270833 0.279167 0.085417 0.144444
1 0.346875 0.222222 0.075000 0.100000
1 0.220312 0.679861 0.101042 0.120833
1 0.060417 0.320833 0.077083 0.080556
1 0.150521 0.293056 0.084375 0.075000
