1 0.229167 0.172917 0.079167 0.120833
1 0.200521 0.250694 0.082292 0.090278
1 0.773958 0.227778 0.102083 0.136111
1 0.776042 0.488889 0.100000 0.125000
1 0.669792 0.493056 0.114583 0.180556
1 0.776042 0.705556 0.083333 0.136111
1 0.744792 0.868056 0.083333 0.097222
1 0.622917 0.751389 0.129167 0.177778
1 0.625521 0.921528 0.088542 0.106944
1 0.116667 0.584028 0.075000 0.101389
1 0.160417 0.799306 0.081250 0.090278
1 0.260417 0.836806 0.068750 0.084722
1 0.351042 0.889583 0.089583 0.115278
1 0.594792 0.086806 0.081250 0.148611
1 0.281771 0.257639 0.103125 0.134722
