1 0.169271 0.800694 0.103125 0.098611
1 0.261979 0.269444 0.098958 0.177778
1 0.745833 0.867361 0.085417 0.095833
1 0.626042 0.917361 0.091667 0.104167
1 0.120833 0.572222 0.083333 0.116667
1 0.268750 0.126389 0.081250 0.136111
1 0.668229 0.500000 0.101042 0.175000
1 0.771354 0.493056 0.109375 0.136111
1 0.638542 0.752778 0.118750 0.172222
1 0.348958 0.209028 0.077083 0.126389
1 0.597396 0.086111 0.090625 0.152778
1 0.266667 0.836806 0.085417 0.090278
1 0.768229 0.264583 0.098958 0.087500
1 0.351562 0.883333 0.088542 0.108333
1 0.778646 0.706250 0.086458 0.137500
