1 0.259896 0.837500 0.069792 0.086111
1 0.672917 0.493750 0.106250 0.184722
1 0.775000 0.490278 0.100000 0.127778
1 0.773958 0.233333 0.102083 0.127778
1 0.745313 0.868056 0.082292 0.097222
1 0.116667 0.581250 0.077083 0.101389
1 0.282813 0.260417 0.105208 0.129167
1 0.593750 0.088889 0.083333 0.147222
1 0.776042 0.706944 0.083333 0.133333
1 0.255729 0.135417 0.094792 0.120833
1 0.625521 0.744444 0.128125 0.163889
1 0.182812 0.163194 0.063542 0.068056
1 0.625000 0.919444 0.087500 0.102778
1 0.345313 0.877083 0.076042 0.087500
1 0.163021 0.800694 0.084375 0.087500
1 0.200521 0.247222 0.071875 0.080556
