1 0.196354 0.249306 0.073958 0.090278
1 0.768750 0.257639 0.089583 0.109722
1 0.772917 0.493750 0.108333 0.137500
1 0.676042 0.499306 0.110417 0.195833
1 0.778646 0.709722 0.088542 0.133333
1 0.747396 0.868056 0.084375 0.097222
1 0.639583 0.750694 0.116667 0.156944
1 0.627604 0.918750 0.090625 0.104167
1 0.120833 0.574306 0.083333 0.115278
1 0.170833 0.802083 0.102083 0.093056
1 0.268229 0.838194 0.086458 0.095833
1 0.355729 0.886806 0.094792 0.115278
1 0.598437 0.092361 0.092708 0.156944
1 0.268229 0.129861 0.088542 0.134722
1 0.262500 0.269444 0.095833 0.180556
1 0.152604 0.291667 0.076042 0.075000
1 0.351562 0.204167 0.080208 0.141667
