1 0.264062 0.275694 0.098958 0.165278
1 0.670833 0.499306 0.110417 0.195833
1 0.745833 0.868056 0.083333 0.097222
1 0.626042 0.918056 0.091667 0.105556
1 0.770833 0.234722 0.100000 0.138889
1 0.351562 0.888194 0.090625 0.112500
1 0.636979 0.753472 0.123958 0.165278
1 0.192188 0.247222 0.067708 0.086111
1 0.118750 0.575000 0.083333 0.111111
1 0.265104 0.838889 0.082292 0.091667
1 0.595313 0.087500 0.090625 0.161111
1 0.777604 0.705556 0.086458 0.141667
1 0.148438 0.298611 0.078125 0.100000
1 0.305208 0.152083 0.133333 0.104167
1 0.160938 0.802778 0.086458 0.094444
1 0.772396 0.497222 0.111458 0.127778
1 0.266667 0.130556 0.083333 0.130556
