1 0.196875 0.256250 0.070833 0.123611
1 0.771354 0.263889 0.101042 0.083333
1 0.772917 0.493750 0.108333 0.137500
1 0.676042 0.499306 0.110417 0.195833
1 0.777604 0.704861 0.088542 0.123611
1 0.747396 0.868056 0.084375 0.097222
1 0.640625 0.752778 0.118750 0.172222
1 0.626042 0.918056 0.093750 0.105556
1 0.120833 0.574306 0.083333 0.115278
1 0.168750 0.799306 0.104167 0.098611
1 0.266146 0.836806 0.088542 0.084722
1 0.348438 0.881250 0.080208 0.098611
1 0.596354 0.089583 0.096875 0.145833
1 0.266667 0.125000 0.087500 0.138889
1 0.262500 0.268056 0.095833 0.180556
1 0.152604 0.291667 0.076042 0.075000
1 0.348438 0.204167 0.078125 0.138889
