1 0.063542 0.293750 0.050000 0.062500
1 0.275521 0.265278 0.088542 0.111111
1 0.240104 0.143056 0.096875 0.091667
1 0.397917 0.090972 0.077083 0.079167
1 0.586979 0.084722 0.092708 0.141667
1 0.771875 0.277083 0.085417 0.109722
1 0.672917 0.492361 0.097917 0.173611
1 0.775000 0.489583 0.085417 0.145833
1 0.778125 0.713889 0.083333 0.127778
1 0.642708 0.753472 0.097917 0.156944
1 0.627604 0.926389 0.088542 0.097222
1 0.747396 0.872917 0.080208 0.087500
1 0.121875 0.575694 0.079167 0.098611
1 0.347396 0.872222 0.073958 0.091667
1 0.265625 0.834722 0.066667 0.077778
