1 0.294271 0.140278 0.117708 0.125000
1 0.194271 0.246528 0.067708 0.087500
1 0.771354 0.229167 0.105208 0.130556
1 0.776042 0.494444 0.100000 0.136111
1 0.673438 0.493056 0.107292 0.183333
1 0.776042 0.705556 0.083333 0.136111
1 0.744792 0.868056 0.083333 0.097222
1 0.628646 0.750000 0.132292 0.177778
1 0.627604 0.920139 0.094792 0.106944
1 0.116146 0.582639 0.076042 0.098611
1 0.161979 0.802083 0.086458 0.090278
1 0.268229 0.834028 0.084375 0.090278
1 0.355208 0.893056 0.095833 0.119444
1 0.594792 0.092361 0.085417 0.162500
1 0.283854 0.275000 0.132292 0.161111
1 0.146354 0.288889 0.078125 0.075000
