1 0.274479 0.145139 0.101042 0.131944
1 0.196354 0.247917 0.073958 0.090278
1 0.772917 0.230556 0.102083 0.127778
1 0.776042 0.488889 0.100000 0.125000
1 0.676562 0.494444 0.113542 0.186111
1 0.779687 0.708333 0.090625 0.141667
1 0.744792 0.868056 0.083333 0.097222
1 0.632812 0.752778 0.123958 0.172222
1 0.627604 0.920833 0.094792 0.108333
1 0.116146 0.584722 0.076042 0.102778
1 0.161979 0.803472 0.086458 0.093056
1 0.260417 0.838889 0.072917 0.088889
1 0.352083 0.890972 0.089583 0.115278
1 0.594271 0.090278 0.086458 0.155556
1 0.289062 0.278472 0.138542 0.151389
1 0.150000 0.290278 0.079167 0.072222
