1 0.178125 0.181250 0.072917 0.104167
1 0.201563 0.240278 0.061458 0.097222
1 0.670833 0.484722 0.095833 0.177778
1 0.767708 0.488194 0.083333 0.131944
1 0.773958 0.235417 0.104167 0.134722
1 0.590104 0.090972 0.078125 0.151389
1 0.254167 0.136111 0.085417 0.097222
1 0.284896 0.258333 0.107292 0.122222
1 0.119792 0.580556 0.079167 0.108333
1 0.163021 0.800694 0.084375 0.098611
1 0.347396 0.879167 0.078125 0.094444
1 0.260937 0.838194 0.071875 0.084722
1 0.632292 0.926389 0.081250 0.102778
1 0.749479 0.870833 0.076042 0.088889
1 0.776563 0.707639 0.086458 0.115278
1 0.634375 0.750694 0.116667 0.156944
