1 0.184375 0.166667 0.068750 0.075000
1 0.196875 0.247917 0.072917 0.079167
1 0.774479 0.231944 0.101042 0.127778
1 0.776042 0.488889 0.100000 0.125000
1 0.673438 0.494444 0.107292 0.183333
1 0.776042 0.708333 0.083333 0.136111
1 0.745833 0.869444 0.083333 0.097222
1 0.626042 0.744444 0.127083 0.163889
1 0.623958 0.919444 0.085417 0.102778
1 0.116146 0.582639 0.076042 0.098611
1 0.163021 0.797917 0.084375 0.081944
1 0.260417 0.836806 0.068750 0.084722
1 0.347396 0.879861 0.080208 0.090278
1 0.594792 0.088194 0.081250 0.148611
1 0.255729 0.136806 0.094792 0.120833
1 0.282292 0.260417 0.104167 0.129167
