1 0.169271 0.799306 0.103125 0.098611
1 0.347396 0.881944 0.078125 0.102778
1 0.772396 0.493750 0.109375 0.137500
1 0.119271 0.574306 0.084375 0.115278
1 0.673438 0.489583 0.113542 0.176389
1 0.626042 0.916667 0.093750 0.105556
1 0.262500 0.268056 0.095833 0.180556
1 0.747396 0.867361 0.084375 0.095833
1 0.776042 0.708333 0.087500 0.127778
1 0.266667 0.125000 0.087500 0.138889
1 0.350000 0.202083 0.079167 0.140278
1 0.265625 0.832639 0.087500 0.087500
1 0.598958 0.088194 0.093750 0.143056
1 0.151042 0.290972 0.077083 0.076389
1 0.643229 0.742361 0.111458 0.154167
1 0.773958 0.263889 0.097917 0.094444
1 0.196875 0.254861 0.068750 0.115278
1 0.048958 0.347917 0.060417 0.068056
