1 0.310937 0.147917 0.128125 0.101389
1 0.194271 0.249306 0.069792 0.093056
1 0.770312 0.235417 0.098958 0.137500
1 0.769792 0.502778 0.110417 0.119444
1 0.670833 0.499306 0.110417 0.195833
1 0.776042 0.705556 0.083333 0.136111
1 0.747396 0.868056 0.084375 0.097222
1 0.638542 0.755556 0.127083 0.163889
1 0.626042 0.918056 0.091667 0.105556
1 0.116146 0.582639 0.076042 0.098611
1 0.160417 0.802778 0.085417 0.094444
1 0.264583 0.836806 0.079167 0.090278
1 0.350521 0.888194 0.090625 0.115278
1 0.593229 0.086806 0.086458 0.156944
1 0.263542 0.276389 0.095833 0.163889
1 0.150521 0.285417 0.080208 0.073611
