1 0.769271 0.269444 0.105208 0.080556
1 0.772917 0.493750 0.108333 0.137500
1 0.672917 0.486806 0.114583 0.170833
1 0.776042 0.709028 0.087500 0.129167
1 0.747917 0.872222 0.085417 0.105556
1 0.646354 0.740278 0.119792 0.141667
1 0.626042 0.918056 0.093750 0.105556
1 0.119792 0.574306 0.083333 0.115278
1 0.169792 0.799306 0.104167 0.098611
1 0.266667 0.830556 0.085417 0.088889
1 0.347917 0.882639 0.077083 0.101389
1 0.600000 0.086806 0.093750 0.143056
1 0.269792 0.127778 0.081250 0.133333
1 0.270313 0.277778 0.086458 0.155556
1 0.150521 0.295833 0.076042 0.083333
1 0.350521 0.202778 0.080208 0.138889
1 0.067708 0.342361 0.072917 0.106944
1 0.213542 0.681250 0.106250 0.126389
