1 0.201042 0.254167 0.058333 0.125000
1 0.771875 0.267361 0.102083 0.090278
1 0.772917 0.493750 0.108333 0.137500
1 0.672917 0.486806 0.114583 0.170833
1 0.776042 0.709028 0.087500 0.129167
1 0.747396 0.868056 0.084375 0.097222
1 0.645312 0.739583 0.115625 0.151389
1 0.626042 0.918056 0.093750 0.105556
1 0.119792 0.574306 0.083333 0.115278
1 0.169792 0.799306 0.104167 0.098611
1 0.266667 0.831944 0.085417 0.088889
1 0.347917 0.882639 0.077083 0.101389
1 0.600000 0.086806 0.093750 0.143056
1 0.268229 0.127083 0.084375 0.137500
1 0.263542 0.268056 0.095833 0.180556
1 0.151042 0.291667 0.077083 0.075000
1 0.350521 0.202778 0.080208 0.138889
1 0.061979 0.334722 0.076042 0.100000
