1 0.744792 0.867361 0.083333 0.098611
1 0.288542 0.275000 0.143750 0.158333
1 0.626042 0.918056 0.091667 0.105556
1 0.259375 0.836806 0.070833 0.087500
1 0.672396 0.493750 0.107292 0.187500
1 0.772396 0.229861 0.101042 0.134722
1 0.634375 0.751389 0.127083 0.169444
1 0.115625 0.581250 0.077083 0.101389
1 0.775000 0.490972 0.102083 0.129167
1 0.147917 0.290972 0.075000 0.070833
1 0.352083 0.888194 0.089583 0.109722
1 0.777083 0.704167 0.085417 0.136111
1 0.161979 0.802083 0.086458 0.090278
1 0.245312 0.165972 0.096875 0.134722
1 0.594792 0.089583 0.087500 0.156944
1 0.195833 0.247222 0.072917 0.088889
