1 0.772396 0.493750 0.109375 0.137500
1 0.672396 0.486806 0.115625 0.170833
1 0.169271 0.799306 0.105208 0.098611
1 0.347396 0.881944 0.076042 0.102778
1 0.775521 0.708333 0.086458 0.127778
1 0.626042 0.916667 0.093750 0.105556
1 0.118750 0.573611 0.083333 0.113889
1 0.265625 0.831250 0.085417 0.087500
1 0.220312 0.685417 0.117708 0.131944
1 0.598958 0.086806 0.093750 0.143056
1 0.648958 0.736806 0.114583 0.148611
1 0.746875 0.868056 0.083333 0.100000
1 0.348958 0.203472 0.079167 0.134722
1 0.769271 0.266667 0.103125 0.083333
1 0.270833 0.122917 0.079167 0.134722
1 0.269792 0.273611 0.085417 0.158333
1 0.066667 0.337500 0.072917 0.111111
1 0.150521 0.291667 0.078125 0.077778
