1 0.772396 0.493750 0.109375 0.137500
1 0.672917 0.486806 0.114583 0.170833
1 0.169792 0.798611 0.104167 0.100000
1 0.347396 0.881944 0.076042 0.102778
1 0.775521 0.708333 0.086458 0.127778
1 0.626042 0.916667 0.093750 0.105556
1 0.118750 0.573611 0.081250 0.113889
1 0.266146 0.829861 0.086458 0.090278
1 0.267708 0.126389 0.083333 0.130556
1 0.350000 0.201389 0.079167 0.138889
1 0.647917 0.736806 0.114583 0.148611
1 0.598958 0.086806 0.093750 0.143056
1 0.769792 0.266667 0.104167 0.083333
1 0.268229 0.275000 0.088542 0.155556
1 0.747396 0.870833 0.084375 0.102778
1 0.065625 0.338889 0.070833 0.105556
1 0.150000 0.294444 0.077083 0.080556
1 0.220312 0.680556 0.096875 0.119444
