1 0.132812 0.208333 0.065625 0.080556
1 0.780729 0.716667 0.084375 0.150000
1 0.751563 0.872222 0.076042 0.094444
1 0.628125 0.915972 0.091667 0.109722
1 0.633333 0.747222 0.112500 0.163889
1 0.676042 0.497222 0.095833 0.166667
1 0.776042 0.488889 0.093750 0.130556
1 0.766667 0.258333 0.093750 0.091667
1 0.588021 0.084722 0.086458 0.122222
1 0.253125 0.133333 0.087500 0.105556
1 0.277083 0.275694 0.112500 0.137500
1 0.344792 0.875694 0.068750 0.087500
1 0.166146 0.800694 0.096875 0.087500
1 0.118229 0.576389 0.078125 0.100000
