1 0.169271 0.800000 0.101042 0.097222
1 0.626042 0.917361 0.091667 0.104167
1 0.748437 0.868056 0.088542 0.097222
1 0.771875 0.493056 0.108333 0.138889
1 0.597396 0.085417 0.090625 0.148611
1 0.673958 0.507639 0.112500 0.162500
1 0.349479 0.883333 0.082292 0.102778
1 0.266146 0.127083 0.084375 0.131944
1 0.640104 0.751389 0.117708 0.172222
1 0.118229 0.571528 0.082292 0.115278
1 0.265625 0.832639 0.085417 0.087500
1 0.348438 0.207639 0.078125 0.126389
1 0.778125 0.705556 0.089583 0.130556
1 0.258854 0.279861 0.092708 0.137500
1 0.771354 0.279861 0.105208 0.106944
1 0.151562 0.290972 0.078125 0.073611
