1 0.263542 0.272917 0.100000 0.170833
1 0.169271 0.799306 0.103125 0.098611
1 0.625521 0.917361 0.092708 0.106944
1 0.673958 0.497222 0.110417 0.194444
1 0.746354 0.868056 0.084375 0.097222
1 0.276562 0.120833 0.080208 0.147222
1 0.120313 0.572222 0.082292 0.116667
1 0.769271 0.236111 0.094792 0.141667
1 0.334896 0.206250 0.101042 0.129167
1 0.354167 0.886111 0.100000 0.113889
1 0.639583 0.752083 0.116667 0.170833
1 0.150521 0.290972 0.084375 0.076389
1 0.266146 0.840278 0.086458 0.094444
1 0.778646 0.706250 0.088542 0.145833
1 0.598437 0.088194 0.094792 0.159722
1 0.194792 0.249306 0.072917 0.087500
1 0.773958 0.488889 0.108333 0.138889
