1 0.079687 0.265278 0.067708 0.063889
1 0.636458 0.749306 0.108333 0.159722
1 0.672396 0.490972 0.101042 0.176389
1 0.346354 0.873611 0.076042 0.091667
1 0.271875 0.266667 0.102083 0.125000
1 0.627083 0.920139 0.087500 0.104167
1 0.117708 0.577778 0.075000 0.100000
1 0.590104 0.088194 0.084375 0.154167
1 0.778646 0.708333 0.082292 0.130556
1 0.748958 0.870833 0.077083 0.094444
1 0.249479 0.138194 0.088542 0.095833
1 0.769792 0.488194 0.085417 0.137500
1 0.768750 0.277083 0.089583 0.109722
1 0.079167 0.267361 0.068750 0.062500
1 0.175521 0.802083 0.111458 0.079167
