1 0.263542 0.272917 0.097917 0.170833
1 0.169271 0.800000 0.103125 0.100000
1 0.747396 0.868056 0.084375 0.097222
1 0.625521 0.917361 0.092708 0.106944
1 0.275521 0.126389 0.080208 0.147222
1 0.673438 0.495833 0.111458 0.191667
1 0.120833 0.571528 0.083333 0.118056
1 0.316667 0.227083 0.131250 0.101389
1 0.638542 0.752083 0.116667 0.170833
1 0.354687 0.887500 0.096875 0.116667
1 0.149479 0.288889 0.084375 0.077778
1 0.767708 0.236111 0.093750 0.141667
1 0.265625 0.840972 0.085417 0.095833
1 0.778646 0.706944 0.088542 0.147222
1 0.195312 0.248611 0.071875 0.086111
1 0.594792 0.085417 0.093750 0.159722
1 0.774479 0.487500 0.107292 0.138889
