1 0.168229 0.799306 0.103125 0.095833
1 0.626042 0.917361 0.091667 0.104167
1 0.746875 0.867361 0.085417 0.098611
1 0.669271 0.498611 0.109375 0.172222
1 0.599479 0.086806 0.094792 0.148611
1 0.771875 0.493056 0.108333 0.138889
1 0.118229 0.570833 0.082292 0.113889
1 0.349479 0.883333 0.082292 0.102778
1 0.265625 0.832639 0.085417 0.087500
1 0.636979 0.752778 0.117708 0.172222
1 0.778646 0.706250 0.088542 0.134722
1 0.350521 0.207639 0.078125 0.129167
1 0.770833 0.277778 0.104167 0.105556
1 0.151042 0.291667 0.075000 0.075000
1 0.269792 0.116667 0.085417 0.136111
1 0.260937 0.276389 0.092708 0.136111
