1 0.067708 0.275000 0.068750 0.069444
1 0.636979 0.750694 0.107292 0.159722
1 0.672396 0.492361 0.098958 0.176389
1 0.346354 0.873611 0.076042 0.091667
1 0.272917 0.264583 0.102083 0.120833
1 0.117188 0.578472 0.076042 0.101389
1 0.627083 0.920139 0.087500 0.104167
1 0.247917 0.138194 0.089583 0.098611
1 0.589583 0.089583 0.085417 0.154167
1 0.778646 0.708333 0.082292 0.130556
1 0.748958 0.870833 0.079167 0.094444
1 0.769271 0.488889 0.084375 0.138889
1 0.768229 0.276389 0.088542 0.108333
1 0.070312 0.276389 0.069792 0.072222
1 0.169792 0.799306 0.093750 0.093056
