1 0.196875 0.254861 0.068750 0.112500
1 0.772396 0.266667 0.101042 0.088889
1 0.772917 0.493750 0.108333 0.137500
1 0.672917 0.486806 0.114583 0.170833
1 0.776042 0.709028 0.087500 0.129167
1 0.747396 0.868056 0.084375 0.097222
1 0.643750 0.739583 0.112500 0.151389
1 0.626042 0.918056 0.093750 0.105556
1 0.119792 0.574306 0.083333 0.115278
1 0.169792 0.802778 0.104167 0.091667
1 0.266667 0.831944 0.085417 0.088889
1 0.347917 0.882639 0.077083 0.101389
1 0.600000 0.086806 0.093750 0.143056
1 0.270833 0.127083 0.085417 0.143056
1 0.263542 0.268056 0.095833 0.180556
1 0.151042 0.291667 0.077083 0.075000
1 0.350521 0.202778 0.080208 0.138889
1 0.066667 0.338194 0.072917 0.101389
