1 0.263021 0.268056 0.094792 0.177778
1 0.268229 0.124306 0.082292 0.137500
1 0.626042 0.916667 0.091667 0.105556
1 0.116667 0.570833 0.083333 0.113889
1 0.766667 0.263889 0.097917 0.086111
1 0.745313 0.868056 0.084375 0.097222
1 0.770833 0.491667 0.110417 0.141667
1 0.667708 0.505556 0.102083 0.186111
1 0.595313 0.085417 0.092708 0.148611
1 0.348438 0.206944 0.080208 0.125000
1 0.638542 0.749306 0.116667 0.170833
1 0.348958 0.880556 0.083333 0.105556
1 0.166667 0.801389 0.100000 0.097222
1 0.264583 0.832639 0.085417 0.087500
1 0.776042 0.705556 0.087500 0.133333
1 0.127083 0.204167 0.077083 0.069444
2 0.124479 0.188194 0.007292 0.018056
0 0.127083 0.204167 0.077083 0.069444
1 0.211979 0.676389 0.101042 0.102778
