1 0.195312 0.251389 0.069792 0.088889
1 0.768229 0.235417 0.094792 0.140278
1 0.774479 0.488194 0.107292 0.140278
1 0.670833 0.490972 0.118750 0.187500
1 0.779167 0.716667 0.087500 0.144444
1 0.747396 0.868056 0.084375 0.097222
1 0.632292 0.751389 0.125000 0.172222
1 0.628125 0.917361 0.089583 0.106944
1 0.122396 0.570139 0.082292 0.123611
1 0.169792 0.799306 0.104167 0.098611
1 0.267188 0.843056 0.086458 0.094444
1 0.353125 0.886806 0.087500 0.109722
1 0.595833 0.089583 0.097917 0.168056
1 0.277083 0.123611 0.075000 0.144444
1 0.263021 0.275694 0.094792 0.162500
1 0.148438 0.290278 0.084375 0.075000
1 0.317188 0.224306 0.136458 0.095833
