1 0.196354 0.249306 0.073958 0.090278
1 0.770833 0.262500 0.100000 0.091667
1 0.772917 0.493750 0.108333 0.137500
1 0.676042 0.499306 0.110417 0.195833
1 0.779167 0.709722 0.089583 0.136111
1 0.747396 0.868056 0.084375 0.097222
1 0.640625 0.752778 0.118750 0.172222
1 0.626042 0.918056 0.093750 0.105556
1 0.120833 0.572917 0.083333 0.115278
1 0.169792 0.799306 0.104167 0.098611
1 0.267188 0.837500 0.090625 0.080556
1 0.353646 0.886111 0.090625 0.108333
1 0.596354 0.086111 0.096875 0.141667
1 0.266667 0.128472 0.093750 0.131944
1 0.260417 0.268056 0.095833 0.180556
1 0.152604 0.291667 0.076042 0.075000
1 0.352083 0.204861 0.077083 0.134722
