1 0.306771 0.202778 0.123958 0.138889
1 0.194271 0.248611 0.069792 0.088889
1 0.772917 0.229167 0.102083 0.127778
1 0.772917 0.495139 0.114583 0.134722
1 0.671354 0.499306 0.111458 0.195833
1 0.777604 0.705556 0.086458 0.136111
1 0.747396 0.868056 0.084375 0.097222
1 0.639062 0.759722 0.126042 0.180556
1 0.626042 0.918056 0.091667 0.105556
1 0.116667 0.590278 0.077083 0.113889
1 0.161458 0.798611 0.085417 0.102778
1 0.265625 0.836806 0.081250 0.093056
1 0.355729 0.890972 0.098958 0.118056
1 0.595833 0.088194 0.089583 0.159722
1 0.268750 0.135417 0.083333 0.126389
1 0.264583 0.272917 0.097917 0.165278
1 0.151562 0.288194 0.076042 0.081944
