1 0.772396 0.493750 0.109375 0.137500
1 0.672917 0.486806 0.114583 0.170833
1 0.169271 0.798611 0.103125 0.100000
1 0.347396 0.881944 0.076042 0.102778
1 0.118750 0.573611 0.081250 0.113889
1 0.775521 0.708333 0.086458 0.127778
1 0.267708 0.123611 0.083333 0.133333
1 0.626042 0.916667 0.093750 0.105556
1 0.350000 0.202083 0.079167 0.137500
1 0.266146 0.829861 0.086458 0.090278
1 0.647917 0.736806 0.112500 0.148611
1 0.599479 0.086806 0.094792 0.143056
1 0.769792 0.266667 0.104167 0.083333
1 0.216667 0.679167 0.102083 0.122222
1 0.747396 0.871528 0.086458 0.104167
1 0.150000 0.291667 0.077083 0.075000
1 0.065104 0.334722 0.071875 0.113889
1 0.263542 0.271528 0.095833 0.145833
