1 0.168750 0.800000 0.102083 0.097222
1 0.745833 0.867361 0.085417 0.095833
1 0.263021 0.271528 0.096875 0.170833
1 0.626042 0.917361 0.091667 0.104167
1 0.268229 0.125694 0.080208 0.134722
1 0.119271 0.572222 0.082292 0.116667
1 0.669792 0.506944 0.100000 0.188889
1 0.771354 0.493056 0.109375 0.138889
1 0.265625 0.832639 0.087500 0.084722
1 0.350000 0.883333 0.083333 0.102778
1 0.597396 0.086111 0.090625 0.150000
1 0.638542 0.752083 0.118750 0.170833
1 0.348438 0.209028 0.078125 0.126389
1 0.769792 0.265278 0.102083 0.088889
1 0.777604 0.706944 0.086458 0.138889
