1 0.168750 0.800000 0.102083 0.097222
1 0.745833 0.867361 0.085417 0.095833
1 0.626042 0.917361 0.091667 0.104167
1 0.119792 0.572222 0.083333 0.116667
1 0.349479 0.883333 0.082292 0.102778
1 0.268229 0.126389 0.082292 0.133333
1 0.265625 0.831944 0.087500 0.086111
1 0.597396 0.086111 0.090625 0.147222
1 0.771354 0.493056 0.109375 0.138889
1 0.265104 0.275694 0.096875 0.145833
1 0.347917 0.208333 0.079167 0.127778
1 0.638542 0.752083 0.118750 0.170833
1 0.770312 0.277083 0.103125 0.104167
1 0.776563 0.708333 0.086458 0.133333
1 0.676562 0.506944 0.098958 0.158333
