1 0.123438 0.211806 0.059375 0.084722
1 0.203125 0.238889 0.066667 0.105556
1 0.274479 0.270833 0.098958 0.125000
1 0.253125 0.139583 0.077083 0.098611
1 0.401042 0.095833 0.077083 0.091667
1 0.591146 0.091667 0.084375 0.155556
1 0.767708 0.263889 0.083333 0.105556
1 0.671875 0.496528 0.108333 0.187500
1 0.772396 0.486806 0.090625 0.131944
1 0.779167 0.711111 0.095833 0.141667
1 0.638021 0.756250 0.113542 0.168056
1 0.627604 0.923611 0.086458 0.102778
1 0.752083 0.875694 0.072917 0.093056
1 0.347917 0.879167 0.081250 0.105556
1 0.117708 0.575000 0.079167 0.116667
1 0.163542 0.801389 0.089583 0.091667
