1 0.214583 0.161111 0.081250 0.091667
1 0.196354 0.248611 0.090625 0.080556
1 0.775000 0.227778 0.102083 0.136111
1 0.776042 0.488889 0.100000 0.125000
1 0.673438 0.494444 0.107292 0.183333
1 0.776042 0.708333 0.083333 0.136111
1 0.745833 0.869444 0.083333 0.097222
1 0.625521 0.747222 0.128125 0.169444
1 0.623958 0.919444 0.085417 0.102778
1 0.116667 0.584722 0.075000 0.102778
1 0.163542 0.804861 0.085417 0.095833
1 0.260417 0.836806 0.068750 0.084722
1 0.345833 0.877778 0.077083 0.086111
1 0.592708 0.089583 0.085417 0.151389
1 0.255729 0.136806 0.094792 0.120833
1 0.283854 0.256944 0.107292 0.136111
