1 0.769792 0.268056 0.104167 0.080556
1 0.772917 0.493750 0.108333 0.137500
1 0.672917 0.486806 0.114583 0.170833
1 0.776042 0.709028 0.087500 0.129167
1 0.750000 0.876389 0.081250 0.100000
1 0.650000 0.736806 0.112500 0.151389
1 0.626042 0.918056 0.093750 0.105556
1 0.119792 0.574306 0.083333 0.115278
1 0.169792 0.799306 0.104167 0.098611
1 0.266667 0.830556 0.085417 0.088889
1 0.347917 0.882639 0.077083 0.101389
1 0.600000 0.086806 0.093750 0.143056
1 0.268750 0.124306 0.079167 0.134722
1 0.260937 0.276389 0.076042 0.161111
1 0.151042 0.291667 0.077083 0.075000
1 0.350521 0.202778 0.080208 0.138889
1 0.066146 0.336806 0.073958 0.112500
1 0.215104 0.679167 0.105208 0.122222
