1 0.196354 0.249306 0.073958 0.090278
1 0.768750 0.261806 0.095833 0.087500
1 0.772917 0.493750 0.108333 0.137500
1 0.676042 0.499306 0.110417 0.195833
1 0.779167 0.705556 0.089583 0.144444
1 0.747396 0.868056 0.084375 0.097222
1 0.640625 0.752778 0.118750 0.172222
1 0.626042 0.918056 0.093750 0.105556
1 0.120833 0.574306 0.083333 0.115278
1 0.169792 0.799306 0.104167 0.098611
1 0.267188 0.835417 0.088542 0.090278
1 0.353646 0.886806 0.090625 0.115278
1 0.600521 0.088194 0.092708 0.156944
1 0.265625 0.130556 0.089583 0.133333
1 0.260417 0.268056 0.095833 0.180556
1 0.152604 0.291667 0.076042 0.075000
1 0.352083 0.204167 0.085417 0.141667
