1 0.194271 0.250694 0.065625 0.081944
1 0.769271 0.236806 0.094792 0.140278
1 0.775521 0.493056 0.111458 0.125000
1 0.673958 0.499306 0.110417 0.195833
1 0.779167 0.708333 0.089583 0.144444
1 0.747396 0.868056 0.084375 0.097222
1 0.640625 0.752778 0.118750 0.172222
1 0.627083 0.918056 0.093750 0.105556
1 0.121875 0.572917 0.083333 0.115278
1 0.169792 0.800694 0.104167 0.098611
1 0.267188 0.840278 0.084375 0.094444
1 0.354687 0.889583 0.098958 0.115278
1 0.594271 0.085417 0.092708 0.156944
1 0.271354 0.130556 0.080208 0.138889
1 0.263021 0.276389 0.096875 0.163889
1 0.151562 0.290278 0.084375 0.075000
1 0.318750 0.227083 0.131250 0.104167
