1 0.200521 0.247222 0.071875 0.080556
1 0.182292 0.163889 0.064583 0.066667
1 0.775000 0.233333 0.102083 0.127778
1 0.777083 0.488889 0.100000 0.125000
1 0.673438 0.495833 0.107292 0.183333
1 0.777083 0.709722 0.083333 0.136111
1 0.746354 0.870833 0.082292 0.097222
1 0.626042 0.745833 0.127083 0.163889
1 0.624479 0.920833 0.086458 0.102778
1 0.116146 0.582639 0.076042 0.098611
1 0.164062 0.798611 0.084375 0.080556
1 0.261458 0.838194 0.068750 0.084722
1 0.344792 0.877083 0.075000 0.081944
1 0.594792 0.089583 0.081250 0.148611
1 0.256250 0.137500 0.095833 0.122222
1 0.283333 0.260417 0.104167 0.129167
