1 0.194271 0.163889 0.080208 0.077778
1 0.193750 0.249306 0.075000 0.079167
1 0.774479 0.231944 0.101042 0.127778
1 0.775000 0.491667 0.102083 0.130556
1 0.673438 0.494444 0.107292 0.183333
1 0.776042 0.708333 0.083333 0.136111
1 0.745833 0.869444 0.083333 0.097222
1 0.626042 0.744444 0.127083 0.163889
1 0.627083 0.920139 0.091667 0.104167
1 0.117708 0.583333 0.072917 0.100000
1 0.161979 0.803472 0.084375 0.081944
1 0.262500 0.835417 0.068750 0.084722
1 0.343229 0.881250 0.071875 0.093056
1 0.594792 0.088194 0.081250 0.148611
1 0.259375 0.133333 0.102083 0.119444
1 0.282292 0.260417 0.104167 0.129167
