1 0.302604 0.135417 0.111458 0.126389
1 0.188021 0.247917 0.059375 0.079167
1 0.772917 0.230556 0.102083 0.127778
1 0.776042 0.488889 0.100000 0.125000
1 0.673438 0.493056 0.107292 0.183333
1 0.776042 0.704167 0.083333 0.136111
1 0.744792 0.868056 0.083333 0.097222
1 0.635417 0.752778 0.127083 0.163889
1 0.627083 0.919444 0.085417 0.108333
1 0.116146 0.582639 0.076042 0.098611
1 0.161458 0.802083 0.087500 0.090278
1 0.260417 0.836806 0.068750 0.084722
1 0.351042 0.889583 0.087500 0.115278
1 0.596354 0.092361 0.086458 0.162500
1 0.255729 0.132639 0.071875 0.123611
1 0.273438 0.272917 0.111458 0.154167
1 0.147917 0.291667 0.075000 0.069444
