1 0.196354 0.249306 0.073958 0.090278
1 0.769271 0.242361 0.098958 0.131944
1 0.772917 0.493750 0.108333 0.137500
1 0.676042 0.499306 0.110417 0.195833
1 0.779167 0.705556 0.089583 0.144444
1 0.747396 0.868056 0.084375 0.097222
1 0.640625 0.752778 0.118750 0.172222
1 0.626042 0.918056 0.093750 0.105556
1 0.120833 0.574306 0.083333 0.115278
1 0.169792 0.799306 0.104167 0.098611
1 0.269271 0.838889 0.092708 0.088889
1 0.353646 0.885417 0.098958 0.115278
1 0.600521 0.093750 0.092708 0.156944
1 0.267708 0.124306 0.081250 0.131944
1 0.261458 0.271528 0.091667 0.179167
1 0.152604 0.291667 0.076042 0.075000
1 0.347917 0.204167 0.085417 0.141667
