1 0.194271 0.250000 0.069792 0.086111
1 0.769271 0.236806 0.094792 0.140278
1 0.775521 0.493056 0.111458 0.125000
1 0.673958 0.499306 0.110417 0.195833
1 0.779167 0.706944 0.089583 0.144444
1 0.747396 0.868056 0.084375 0.097222
1 0.640625 0.752778 0.118750 0.172222
1 0.626042 0.918056 0.093750 0.105556
1 0.121354 0.572917 0.082292 0.115278
1 0.169792 0.799306 0.104167 0.098611
1 0.267188 0.840278 0.084375 0.094444
1 0.353646 0.888194 0.098958 0.115278
1 0.597396 0.085417 0.092708 0.156944
1 0.275521 0.119444 0.080208 0.138889
1 0.263021 0.276389 0.096875 0.163889
1 0.150521 0.290278 0.084375 0.075000
1 0.332813 0.216667 0.105208 0.113889
