1 0.309375 0.160417 0.135417 0.109722
1 0.194271 0.248611 0.069792 0.086111
1 0.772917 0.230556 0.102083 0.127778
1 0.770833 0.502778 0.110417 0.119444
1 0.671354 0.499306 0.111458 0.195833
1 0.776042 0.705556 0.083333 0.136111
1 0.748437 0.868056 0.084375 0.097222
1 0.635417 0.754167 0.127083 0.163889
1 0.626042 0.918056 0.091667 0.105556
1 0.118750 0.575694 0.083333 0.112500
1 0.161458 0.802778 0.085417 0.094444
1 0.265104 0.838194 0.080208 0.090278
1 0.351562 0.889583 0.090625 0.115278
1 0.596354 0.086806 0.090625 0.156944
1 0.266667 0.131944 0.085417 0.127778
1 0.263542 0.277083 0.097917 0.162500
1 0.150521 0.303472 0.078125 0.109722
