1 0.247396 0.168056 0.094792 0.130556
1 0.194271 0.255556 0.071875 0.105556
1 0.770833 0.230556 0.104167 0.141667
1 0.775000 0.493056 0.106250 0.138889
1 0.670312 0.495833 0.119792 0.188889
1 0.779167 0.705556 0.089583 0.136111
1 0.744792 0.872917 0.083333 0.095833
1 0.634375 0.752778 0.127083 0.175000
1 0.626042 0.919444 0.091667 0.102778
1 0.116146 0.582639 0.076042 0.098611
1 0.163021 0.802778 0.084375 0.094444
1 0.264062 0.837500 0.076042 0.083333
1 0.351562 0.890972 0.092708 0.118056
1 0.593229 0.087500 0.086458 0.161111
1 0.288542 0.272917 0.141667 0.154167
1 0.147917 0.291667 0.075000 0.069444
