1 0.101562 0.233333 0.061458 0.063889
1 0.118229 0.572917 0.073958 0.109722
1 0.347917 0.876389 0.081250 0.094444
1 0.634375 0.752778 0.116667 0.155556
1 0.779167 0.709722 0.079167 0.127778
1 0.748437 0.872222 0.078125 0.086111
1 0.627083 0.920139 0.085417 0.101389
1 0.672396 0.482639 0.105208 0.184722
1 0.776042 0.483333 0.095833 0.136111
1 0.767188 0.266667 0.088542 0.113889
1 0.591667 0.088889 0.095833 0.163889
1 0.258854 0.140278 0.103125 0.108333
1 0.281250 0.261111 0.108333 0.108333
1 0.198958 0.243750 0.062500 0.104167
