1 0.193229 0.256944 0.065625 0.086111
1 0.772917 0.230556 0.102083 0.127778
1 0.770833 0.502778 0.110417 0.119444
1 0.671354 0.499306 0.111458 0.195833
1 0.778125 0.707639 0.087500 0.140278
1 0.747396 0.868056 0.084375 0.097222
1 0.635417 0.755556 0.127083 0.163889
1 0.626042 0.918056 0.091667 0.105556
1 0.116146 0.582639 0.076042 0.098611
1 0.161458 0.802778 0.085417 0.094444
1 0.265104 0.838194 0.080208 0.090278
1 0.353646 0.889583 0.094792 0.115278
1 0.595833 0.089583 0.089583 0.162500
1 0.270313 0.129861 0.082292 0.131944
1 0.263542 0.267361 0.097917 0.187500
1 0.151562 0.289583 0.076042 0.076389
1 0.311458 0.211806 0.122917 0.106944
