1 0.196354 0.251389 0.071875 0.091667
1 0.770312 0.236806 0.094792 0.140278
1 0.774479 0.488194 0.109375 0.137500
1 0.675000 0.499306 0.110417 0.195833
1 0.779167 0.706944 0.089583 0.144444
1 0.747396 0.868056 0.084375 0.097222
1 0.639583 0.752778 0.118750 0.172222
1 0.626042 0.918056 0.093750 0.105556
1 0.121354 0.572917 0.082292 0.115278
1 0.169792 0.799306 0.104167 0.098611
1 0.267188 0.840278 0.084375 0.094444
1 0.353646 0.888194 0.098958 0.115278
1 0.599479 0.089583 0.092708 0.156944
1 0.276562 0.122222 0.080208 0.150000
1 0.264062 0.275000 0.098958 0.172222
1 0.150521 0.290278 0.084375 0.075000
1 0.336979 0.206250 0.101042 0.129167
