1 0.198958 0.256944 0.068750 0.116667
1 0.771875 0.268056 0.102083 0.080556
1 0.772917 0.490972 0.108333 0.137500
1 0.674479 0.492361 0.111458 0.193056
1 0.777083 0.708333 0.089583 0.127778
1 0.747396 0.868056 0.084375 0.097222
1 0.640104 0.752083 0.109375 0.162500
1 0.626042 0.918056 0.093750 0.105556
1 0.120833 0.574306 0.083333 0.115278
1 0.169792 0.799306 0.104167 0.098611
1 0.266146 0.835417 0.088542 0.084722
1 0.349479 0.882639 0.080208 0.095833
1 0.595313 0.087500 0.096875 0.138889
1 0.266146 0.125694 0.086458 0.129167
1 0.260417 0.268056 0.095833 0.180556
1 0.151562 0.290278 0.076042 0.075000
1 0.350521 0.204167 0.078125 0.133333
