1 0.197396 0.252778 0.078125 0.097222
1 0.769271 0.236806 0.094792 0.140278
1 0.772917 0.493750 0.108333 0.137500
1 0.676042 0.499306 0.110417 0.195833
1 0.779167 0.705556 0.089583 0.144444
1 0.747396 0.868056 0.084375 0.097222
1 0.633333 0.747917 0.122917 0.181944
1 0.626042 0.918056 0.093750 0.105556
1 0.120833 0.574306 0.083333 0.115278
1 0.169792 0.799306 0.104167 0.098611
1 0.265104 0.839583 0.092708 0.098611
1 0.353646 0.886806 0.098958 0.115278
1 0.600521 0.088194 0.092708 0.156944
1 0.273958 0.127778 0.081250 0.147222
1 0.260417 0.268056 0.095833 0.180556
1 0.152604 0.291667 0.076042 0.075000
1 0.351042 0.205556 0.085417 0.141667
