1 0.769792 0.268056 0.104167 0.080556
1 0.772917 0.493750 0.108333 0.137500
1 0.672917 0.486806 0.114583 0.170833
1 0.776042 0.709028 0.087500 0.129167
1 0.748437 0.872917 0.084375 0.095833
1 0.651042 0.736806 0.112500 0.151389
1 0.626042 0.918056 0.093750 0.105556
1 0.119792 0.574306 0.083333 0.115278
1 0.169792 0.799306 0.104167 0.098611
1 0.266667 0.830556 0.085417 0.088889
1 0.347917 0.882639 0.077083 0.101389
1 0.600000 0.086806 0.093750 0.143056
1 0.272396 0.127083 0.080208 0.131944
1 0.269792 0.277778 0.087500 0.150000
1 0.151042 0.291667 0.077083 0.075000
1 0.350521 0.202778 0.080208 0.138889
1 0.063542 0.342361 0.064583 0.104167
1 0.218229 0.686806 0.119792 0.131944
