1 0.110937 0.222917 0.063542 0.068056
1 0.120313 0.583333 0.084375 0.111111
1 0.351042 0.878472 0.075000 0.098611
1 0.265625 0.838194 0.075000 0.095833
1 0.157812 0.799306 0.080208 0.101389
1 0.629167 0.921528 0.085417 0.112500
1 0.753125 0.870139 0.068750 0.098611
1 0.779167 0.704861 0.085417 0.126389
1 0.632292 0.752778 0.122917 0.175000
1 0.668750 0.489583 0.106250 0.184722
1 0.772917 0.486806 0.089583 0.134722
1 0.767708 0.258333 0.081250 0.102778
1 0.592708 0.090278 0.087500 0.147222
1 0.278646 0.277778 0.107292 0.136111
1 0.205208 0.245139 0.068750 0.120833
1 0.255729 0.136806 0.092708 0.112500
