1 0.144271 0.199306 0.063542 0.079167
1 0.636979 0.751389 0.115625 0.158333
1 0.778646 0.706250 0.082292 0.129167
1 0.750000 0.870833 0.079167 0.097222
1 0.626042 0.918056 0.091667 0.102778
1 0.343750 0.870833 0.081250 0.108333
1 0.164062 0.800000 0.088542 0.088889
1 0.122396 0.579167 0.084375 0.100000
1 0.673958 0.500694 0.102083 0.173611
1 0.776042 0.486111 0.095833 0.133333
1 0.771875 0.246528 0.095833 0.109722
1 0.589583 0.087500 0.085417 0.144444
1 0.277604 0.255556 0.098958 0.130556
1 0.208333 0.253472 0.070833 0.126389
