1 0.118229 0.218750 0.057292 0.070833
1 0.670312 0.491667 0.101042 0.169444
1 0.771354 0.479861 0.096875 0.134722
1 0.780208 0.704167 0.087500 0.136111
1 0.749479 0.870139 0.076042 0.084722
1 0.631771 0.747222 0.113542 0.177778
1 0.628125 0.922917 0.093750 0.098611
1 0.119792 0.581944 0.077083 0.111111
1 0.162500 0.801389 0.083333 0.088889
1 0.347396 0.875694 0.080208 0.090278
1 0.767708 0.261806 0.091667 0.101389
1 0.595313 0.084722 0.090625 0.152778
1 0.254688 0.141667 0.103125 0.094444
1 0.271354 0.267361 0.109375 0.129167
1 0.207813 0.247917 0.067708 0.115278
