1 0.186979 0.167361 0.076042 0.079167
1 0.190625 0.249306 0.075000 0.081944
1 0.772396 0.231250 0.105208 0.126389
1 0.776042 0.488889 0.100000 0.125000
1 0.673438 0.494444 0.107292 0.183333
1 0.776042 0.708333 0.083333 0.136111
1 0.745833 0.869444 0.083333 0.097222
1 0.626042 0.744444 0.127083 0.163889
1 0.623958 0.919444 0.085417 0.102778
1 0.116667 0.582639 0.075000 0.098611
1 0.162500 0.801389 0.083333 0.088889
1 0.260417 0.836806 0.068750 0.084722
1 0.345833 0.879167 0.077083 0.088889
1 0.594792 0.088194 0.081250 0.148611
1 0.255729 0.136806 0.094792 0.120833
1 0.282292 0.260417 0.104167 0.129167
