1 0.194271 0.251389 0.065625 0.083333
1 0.769271 0.236806 0.094792 0.140278
1 0.775521 0.494444 0.111458 0.125000
1 0.674479 0.499306 0.111458 0.195833
1 0.779167 0.709722 0.089583 0.144444
1 0.747396 0.868056 0.084375 0.097222
1 0.635417 0.755556 0.127083 0.163889
1 0.626042 0.918056 0.091667 0.105556
1 0.120313 0.575694 0.084375 0.101389
1 0.167187 0.802778 0.096875 0.094444
1 0.268229 0.840278 0.084375 0.094444
1 0.355208 0.887500 0.097917 0.111111
1 0.595833 0.088194 0.089583 0.159722
1 0.271875 0.130556 0.079167 0.138889
1 0.264062 0.276389 0.096875 0.163889
1 0.152604 0.290278 0.084375 0.075000
1 0.317708 0.221528 0.131250 0.104167
