1 0.300000 0.136806 0.120833 0.131944
1 0.192708 0.248611 0.066667 0.083333
1 0.769271 0.233333 0.098958 0.136111
1 0.776042 0.488889 0.100000 0.125000
1 0.673438 0.493056 0.107292 0.183333
1 0.776042 0.705556 0.083333 0.136111
1 0.744792 0.868056 0.083333 0.097222
1 0.630729 0.752083 0.128125 0.173611
1 0.626563 0.918750 0.092708 0.104167
1 0.119271 0.585417 0.082292 0.104167
1 0.161979 0.806250 0.086458 0.098611
1 0.265625 0.840972 0.081250 0.093056
1 0.353125 0.892361 0.091667 0.118056
1 0.596875 0.092361 0.085417 0.159722
1 0.248958 0.129861 0.056250 0.123611
1 0.266667 0.275694 0.102083 0.165278
1 0.147917 0.291667 0.075000 0.069444
