1 0.206771 0.167361 0.090625 0.098611
1 0.195833 0.253472 0.087500 0.070833
1 0.775000 0.229861 0.102083 0.131944
1 0.775000 0.490972 0.102083 0.129167
1 0.673438 0.494444 0.107292 0.183333
1 0.776042 0.708333 0.083333 0.136111
1 0.745833 0.869444 0.083333 0.097222
1 0.626042 0.744444 0.127083 0.163889
1 0.623958 0.919444 0.085417 0.102778
1 0.117188 0.584028 0.073958 0.101389
1 0.162500 0.802083 0.085417 0.090278
1 0.260417 0.836806 0.068750 0.084722
1 0.345833 0.879861 0.077083 0.090278
1 0.594792 0.088194 0.081250 0.148611
1 0.258333 0.136111 0.100000 0.122222
1 0.282292 0.260417 0.104167 0.129167
