1 0.194792 0.253472 0.068750 0.087500
1 0.769271 0.236806 0.094792 0.140278
1 0.776042 0.484722 0.112500 0.144444
1 0.673958 0.499306 0.110417 0.195833
1 0.779167 0.706944 0.089583 0.144444
1 0.747396 0.868056 0.084375 0.097222
1 0.642708 0.754861 0.112500 0.170833
1 0.626042 0.918056 0.093750 0.105556
1 0.121354 0.572917 0.082292 0.115278
1 0.169792 0.799306 0.104167 0.098611
1 0.267188 0.840278 0.084375 0.094444
1 0.353646 0.888194 0.098958 0.115278
1 0.598437 0.089583 0.092708 0.156944
1 0.277604 0.122222 0.080208 0.138889
1 0.263021 0.276389 0.096875 0.163889
1 0.150521 0.290278 0.084375 0.075000
1 0.324479 0.222917 0.113542 0.104167
