1 0.261458 0.151389 0.106250 0.141667
1 0.194792 0.246528 0.070833 0.079167
1 0.772917 0.230556 0.102083 0.127778
1 0.770833 0.494444 0.110417 0.136111
1 0.670833 0.495833 0.122917 0.188889
1 0.776042 0.705556 0.083333 0.136111
1 0.744792 0.868056 0.083333 0.097222
1 0.632812 0.751389 0.136458 0.166667
1 0.626042 0.920139 0.091667 0.106944
1 0.117708 0.578472 0.079167 0.106944
1 0.161979 0.803472 0.086458 0.093056
1 0.263542 0.834028 0.075000 0.090278
1 0.353125 0.888889 0.091667 0.111111
1 0.595833 0.092361 0.093750 0.159722
1 0.289062 0.276389 0.142708 0.161111
1 0.147917 0.291667 0.075000 0.069444
