1 0.306771 0.140278 0.119792 0.108333
1 0.194271 0.247222 0.063542 0.086111
1 0.771354 0.233333 0.098958 0.141667
1 0.770833 0.502778 0.110417 0.119444
1 0.671354 0.499306 0.111458 0.195833
1 0.778646 0.707639 0.088542 0.140278
1 0.746354 0.868056 0.084375 0.097222
1 0.635417 0.755556 0.127083 0.163889
1 0.626042 0.918056 0.091667 0.105556
1 0.116146 0.582639 0.076042 0.098611
1 0.164583 0.803472 0.091667 0.093056
1 0.265104 0.838194 0.080208 0.090278
1 0.351562 0.889583 0.090625 0.115278
1 0.594271 0.087500 0.086458 0.158333
1 0.257292 0.130556 0.070833 0.130556
1 0.263542 0.277083 0.097917 0.162500
1 0.147917 0.291667 0.075000 0.069444
