1 0.201042 0.252778 0.081250 0.094444
1 0.233333 0.160417 0.083333 0.120833
1 0.775521 0.226389 0.103125 0.138889
1 0.773958 0.486806 0.102083 0.137500
1 0.673438 0.493056 0.107292 0.183333
1 0.776042 0.705556 0.083333 0.136111
1 0.744792 0.868056 0.083333 0.097222
1 0.626042 0.743056 0.127083 0.163889
1 0.626042 0.915278 0.089583 0.111111
1 0.116667 0.582639 0.072917 0.098611
1 0.160417 0.799306 0.089583 0.090278
1 0.260417 0.836806 0.068750 0.084722
1 0.350521 0.888194 0.086458 0.112500
1 0.594792 0.088889 0.085417 0.150000
1 0.282292 0.255556 0.108333 0.144444
1 0.148438 0.290278 0.071875 0.063889
