1 0.235417 0.171528 0.102083 0.123611
1 0.197917 0.247917 0.070833 0.081944
1 0.772917 0.227778 0.104167 0.130556
1 0.776042 0.488889 0.100000 0.125000
1 0.673438 0.493056 0.107292 0.183333
1 0.776042 0.705556 0.083333 0.136111
1 0.744792 0.868056 0.083333 0.097222
1 0.632292 0.745833 0.127083 0.163889
1 0.629167 0.918056 0.091667 0.105556
1 0.116146 0.582639 0.076042 0.098611
1 0.160417 0.800694 0.087500 0.090278
1 0.260417 0.836806 0.068750 0.084722
1 0.351042 0.889583 0.087500 0.112500
1 0.593229 0.086806 0.082292 0.151389
1 0.286979 0.274306 0.138542 0.159722
1 0.147917 0.291667 0.075000 0.069444
