1 0.234896 0.161806 0.090625 0.101389
1 0.197396 0.243056 0.063542 0.069444
1 0.772917 0.230556 0.102083 0.127778
1 0.776042 0.488889 0.100000 0.125000
1 0.673438 0.493056 0.107292 0.183333
1 0.776042 0.705556 0.083333 0.136111
1 0.744792 0.868056 0.083333 0.097222
1 0.626042 0.743056 0.127083 0.163889
1 0.622917 0.918056 0.085417 0.102778
1 0.116146 0.582639 0.076042 0.098611
1 0.163021 0.797917 0.084375 0.081944
1 0.260417 0.836806 0.068750 0.084722
1 0.350521 0.889583 0.088542 0.115278
1 0.594792 0.086806 0.081250 0.148611
1 0.273438 0.272917 0.111458 0.154167
1 0.147917 0.291667 0.075000 0.069444
