0 0.5715536753336589 0.28266241285536026 0.10606098175048828 0.21595901913113064
1 0.5715036392211914 0.28231235080295136 0.10680405298868816 0.2147411134507921
1 0.6287750244140625 0.920001475016276 0.08666890462239583 0.1014068603515625
1 0.26799322764078776 0.2858933766682943 0.09145013491312663 0.14105120764838325
1 0.3941548665364583 0.202850341796875 0.13391040166219076 0.1519839710659451
2 0.5827611923217774 0.27383149464925133 0.016430028279622397 0.011764272054036459
2 0.2042668342590332 0.24383566114637586 0.007685534159342448 0.019441646999782985
1 0.19213709831237794 0.2666080050998264 0.07214937210083008 0.10135902828640408
1 0.2179864247639974 0.6802024841308594 0.0939813772837321 0.11642578972710503
0 0.1918654441833496 0.2675903744167752 0.07069767316182454 0.1007602055867513
