1 0.5201300621032715 0.9032033284505209 0.07313874562581381 0.19262661404079862
0 0.5206476211547851 0.903466796875 0.0743043581644694 0.1904372321234809
1 0.26343364715576173 0.29491089714898006 0.10565052032470704 0.16802088419596353
1 0.31096782684326174 0.1377863883972168 0.1255422592163086 0.1366186989678277
1 0.6206722259521484 0.9481579250759549 0.06735254923502604 0.10318883260091145
1 0.31704705556233725 0.10395496156480577 0.13864927291870116 0.19372158050537108
1 0.3405784606933594 0.1019394662645128 0.09142545064290365 0.19337054358588324
1 0.29851678212483723 0.14517470465766058 0.09927873611450196 0.12037943734063042
0 0.34201412200927733 0.09516592025756836 0.08848969141642253 0.17986511654324003
2 0.33674348195393883 0.08372917175292968 0.014301395416259766 0.021029700173272027
