0 0.497396 0.111806 0.078125 0.220833
1 0.497396 0.111806 0.078125 0.220833
1 0.629167 0.947917 0.095833 0.101389
1 0.351042 0.202778 0.085417 0.133333
2 0.516146 0.079167 0.015625 0.013889
1 0.269792 0.119444 0.083333 0.141667
1 0.263542 0.276389 0.100000 0.127778
1 0.745313 0.866667 0.080208 0.094444
1 0.770312 0.493056 0.109375 0.136111
1 0.776042 0.705556 0.085417 0.130556
1 0.345833 0.874306 0.077083 0.090278
1 0.163021 0.799306 0.088542 0.090278
1 0.141667 0.288889 0.060417 0.077778
1 0.766146 0.277083 0.092708 0.101389
1 0.270313 0.856944 0.078125 0.100000
1 0.639062 0.704167 0.159375 0.213889
