0 0.513542 0.143056 0.079167 0.272222
1 0.513542 0.144444 0.079167 0.272222
1 0.629167 0.947917 0.095833 0.101389
1 0.341667 0.205556 0.089583 0.127778
2 0.533333 0.097917 0.016667 0.018056
1 0.270313 0.120833 0.084375 0.141667
1 0.745313 0.866667 0.080208 0.094444
1 0.265104 0.278472 0.101042 0.126389
1 0.776042 0.705556 0.085417 0.130556
1 0.770312 0.493056 0.109375 0.136111
1 0.345833 0.874306 0.077083 0.090278
1 0.162500 0.799306 0.087500 0.090278
1 0.134375 0.290972 0.045833 0.084722
1 0.766146 0.279167 0.092708 0.102778
1 0.636979 0.705556 0.163542 0.230556
1 0.266667 0.861111 0.066667 0.105556
1 0.187500 0.284028 0.070833 0.118056
