1 0.519271 0.153472 0.082292 0.268056
0 0.518750 0.152778 0.083333 0.266667
1 0.629687 0.947917 0.094792 0.101389
1 0.341146 0.208333 0.090625 0.125000
2 0.540104 0.113889 0.017708 0.013889
1 0.270313 0.122222 0.084375 0.141667
1 0.266146 0.278472 0.101042 0.126389
1 0.346354 0.874306 0.076042 0.090278
1 0.163021 0.801389 0.088542 0.091667
1 0.745833 0.868056 0.081250 0.094444
1 0.777604 0.705556 0.084375 0.130556
1 0.770833 0.495139 0.108333 0.134722
1 0.137500 0.293750 0.052083 0.087500
1 0.766146 0.279167 0.092708 0.102778
1 0.266667 0.863194 0.066667 0.120833
1 0.637500 0.702083 0.156250 0.229167
1 0.190104 0.288194 0.069792 0.081944
