0 0.562500 0.246528 0.102083 0.248611
1 0.562500 0.247222 0.102083 0.247222
1 0.629687 0.947917 0.094792 0.101389
2 0.582292 0.237500 0.020833 0.019444
1 0.270313 0.122222 0.084375 0.141667
1 0.346875 0.212500 0.089583 0.122222
1 0.267188 0.279167 0.101042 0.127778
1 0.745833 0.867361 0.081250 0.095833
1 0.771875 0.494444 0.108333 0.136111
1 0.777083 0.705556 0.085417 0.130556
1 0.162500 0.801389 0.087500 0.091667
1 0.346875 0.875000 0.075000 0.091667
1 0.145833 0.287500 0.068750 0.080556
1 0.766667 0.278472 0.093750 0.101389
1 0.633333 0.708333 0.156250 0.211111
1 0.271875 0.867361 0.077083 0.126389
