0 0.516667 0.888194 0.093750 0.215278
1 0.516146 0.888194 0.092708 0.218056
1 0.344271 0.204861 0.086458 0.137500
1 0.619271 0.946528 0.067708 0.104167
1 0.270313 0.259028 0.084375 0.131944
2 0.506250 0.929861 0.018750 0.015278
1 0.269271 0.119444 0.082292 0.141667
1 0.770833 0.493750 0.108333 0.134722
1 0.344792 0.877083 0.079167 0.093056
1 0.164062 0.800000 0.088542 0.091667
1 0.777083 0.706250 0.083333 0.129167
1 0.763021 0.265278 0.090625 0.083333
1 0.152083 0.288889 0.081250 0.072222
1 0.746875 0.869444 0.079167 0.094444
1 0.628125 0.731250 0.129167 0.168056
1 0.676042 0.720833 0.108333 0.169444
1 0.275000 0.870139 0.068750 0.118056
1 0.196354 0.246528 0.086458 0.093056
