1 0.515625 0.863194 0.097917 0.270833
0 0.516667 0.863889 0.097917 0.272222
1 0.619271 0.946528 0.067708 0.104167
1 0.348438 0.203472 0.080208 0.143056
1 0.268229 0.259028 0.080208 0.140278
2 0.511458 0.904167 0.020833 0.016667
1 0.270833 0.119444 0.083333 0.141667
1 0.770833 0.493750 0.108333 0.134722
1 0.345313 0.875694 0.078125 0.090278
1 0.153646 0.289583 0.084375 0.073611
1 0.777083 0.705556 0.083333 0.130556
1 0.163021 0.800000 0.086458 0.091667
1 0.763542 0.265972 0.091667 0.081944
1 0.746875 0.869444 0.079167 0.094444
1 0.628646 0.733333 0.128125 0.169444
1 0.673958 0.721528 0.110417 0.168056
1 0.279167 0.867361 0.072917 0.112500
