0 0.522396 0.845139 0.098958 0.276389
1 0.521875 0.844444 0.097917 0.277778
1 0.618750 0.946528 0.068750 0.104167
1 0.266146 0.259722 0.082292 0.133333
1 0.350521 0.199306 0.076042 0.145833
2 0.517708 0.879167 0.020833 0.016667
1 0.270833 0.119444 0.083333 0.141667
1 0.770833 0.493750 0.108333 0.134722
1 0.345313 0.875694 0.078125 0.090278
1 0.154167 0.288889 0.085417 0.072222
1 0.777604 0.705556 0.084375 0.130556
1 0.763542 0.265278 0.091667 0.083333
1 0.163021 0.800000 0.086458 0.091667
1 0.746875 0.869444 0.079167 0.094444
1 0.622396 0.733333 0.130208 0.169444
1 0.674479 0.718750 0.105208 0.168056
1 0.199479 0.246528 0.069792 0.090278
1 0.276042 0.877083 0.075000 0.123611
1 0.222917 0.645139 0.110417 0.073611
