0 0.528125 0.838889 0.102083 0.266667
1 0.619792 0.946528 0.066667 0.104167
1 0.266146 0.261111 0.084375 0.136111
1 0.350521 0.200000 0.076042 0.144444
2 0.522396 0.864583 0.021875 0.018056
1 0.270833 0.119444 0.083333 0.141667
1 0.771354 0.493750 0.109375 0.134722
1 0.345833 0.875694 0.079167 0.090278
1 0.154167 0.288889 0.085417 0.072222
1 0.777604 0.705556 0.084375 0.130556
1 0.163542 0.800000 0.087500 0.091667
1 0.763542 0.265278 0.091667 0.083333
1 0.746875 0.869444 0.079167 0.094444
1 0.527604 0.839583 0.098958 0.270833
1 0.627083 0.732639 0.129167 0.168056
1 0.673958 0.722222 0.114583 0.166667
1 0.273958 0.867361 0.068750 0.109722
1 0.221875 0.613889 0.112500 0.125000
1 0.195833 0.243056 0.075000 0.075000
