0 0.563542 0.135417 0.085417 0.245833
1 0.563021 0.136806 0.086458 0.248611
1 0.618750 0.947222 0.068750 0.102778
1 0.380208 0.203472 0.118750 0.134722
2 0.578125 0.094444 0.016667 0.016667
1 0.270313 0.120833 0.084375 0.141667
1 0.770312 0.493750 0.111458 0.134722
1 0.264583 0.263194 0.097917 0.098611
1 0.168750 0.800000 0.100000 0.097222
1 0.777083 0.705556 0.085417 0.130556
1 0.343750 0.877083 0.085417 0.093056
1 0.764062 0.266667 0.092708 0.083333
1 0.143229 0.287500 0.067708 0.086111
1 0.746875 0.871528 0.079167 0.095833
1 0.620313 0.748611 0.119792 0.194444
1 0.665625 0.713194 0.118750 0.162500
1 0.281771 0.870833 0.073958 0.133333
1 0.195312 0.295139 0.067708 0.143056
