1 0.560417 0.166667 0.095833 0.244444
0 0.560417 0.166667 0.095833 0.244444
1 0.380729 0.206944 0.115625 0.130556
1 0.618750 0.947222 0.068750 0.102778
2 0.574479 0.136111 0.019792 0.016667
1 0.267708 0.263194 0.093750 0.098611
1 0.270833 0.120833 0.085417 0.141667
1 0.770833 0.493056 0.110417 0.136111
1 0.168750 0.800694 0.100000 0.098611
1 0.344271 0.876389 0.082292 0.091667
1 0.777604 0.704861 0.086458 0.129167
1 0.763021 0.265972 0.090625 0.081944
1 0.269271 0.852083 0.076042 0.101389
1 0.147917 0.285417 0.075000 0.079167
1 0.751563 0.877083 0.071875 0.084722
1 0.617708 0.742361 0.125000 0.184722
1 0.669271 0.718056 0.115625 0.163889
1 0.198437 0.296528 0.067708 0.148611
