1 0.566667 0.243056 0.106250 0.263889
0 0.567708 0.243056 0.104167 0.263889
1 0.618750 0.947222 0.068750 0.102778
1 0.381250 0.205556 0.112500 0.133333
2 0.582292 0.206944 0.020833 0.019444
1 0.267708 0.259722 0.093750 0.091667
1 0.271354 0.120833 0.086458 0.141667
1 0.168750 0.800694 0.100000 0.098611
1 0.770833 0.493056 0.110417 0.136111
1 0.344271 0.876389 0.082292 0.091667
1 0.777604 0.704167 0.086458 0.130556
1 0.763542 0.265972 0.091667 0.081944
1 0.270313 0.853472 0.073958 0.101389
1 0.745833 0.871528 0.079167 0.095833
1 0.622917 0.738889 0.133333 0.180556
1 0.672396 0.716667 0.117708 0.172222
1 0.202604 0.297222 0.065625 0.150000
1 0.147917 0.288194 0.068750 0.073611
