1 0.673958 0.146528 0.135417 0.195833
0 0.673438 0.146528 0.136458 0.193056
1 0.619271 0.946528 0.067708 0.104167
1 0.385937 0.188194 0.109375 0.168056
1 0.266667 0.285417 0.097917 0.145833
2 0.708333 0.129167 0.014583 0.025000
1 0.269792 0.118750 0.083333 0.143056
1 0.169271 0.800000 0.101042 0.097222
1 0.769792 0.247917 0.097917 0.123611
1 0.772396 0.494444 0.109375 0.136111
1 0.347396 0.890278 0.080208 0.100000
1 0.149479 0.292361 0.069792 0.076389
1 0.745313 0.870139 0.082292 0.095833
1 0.271354 0.851389 0.080208 0.100000
1 0.784896 0.691667 0.080208 0.127778
1 0.644271 0.720833 0.153125 0.172222
