1 0.575000 0.280556 0.110417 0.252778
0 0.575000 0.280556 0.110417 0.255556
1 0.619271 0.946528 0.067708 0.104167
1 0.269271 0.284722 0.092708 0.144444
1 0.381771 0.213889 0.119792 0.113889
2 0.594792 0.260417 0.020833 0.020833
1 0.270833 0.119444 0.085417 0.141667
1 0.771354 0.256944 0.096875 0.091667
1 0.771875 0.493750 0.108333 0.134722
1 0.347917 0.889583 0.075000 0.098611
1 0.162500 0.801389 0.087500 0.094444
1 0.150521 0.292361 0.073958 0.076389
1 0.272396 0.848611 0.076042 0.097222
1 0.745313 0.870833 0.080208 0.097222
1 0.643750 0.720833 0.154167 0.172222
1 0.780729 0.693056 0.092708 0.125000
1 0.200000 0.293750 0.064583 0.154167
