0 0.576042 0.311806 0.114583 0.273611
1 0.575521 0.311806 0.113542 0.273611
1 0.619271 0.946528 0.067708 0.104167
1 0.269271 0.279167 0.092708 0.133333
1 0.379167 0.213194 0.120833 0.109722
2 0.595313 0.288194 0.021875 0.018056
1 0.772917 0.256944 0.102083 0.094444
1 0.771354 0.493056 0.107292 0.133333
1 0.270833 0.119444 0.085417 0.144444
1 0.347917 0.890278 0.075000 0.102778
1 0.163021 0.800694 0.086458 0.093056
1 0.146875 0.291667 0.068750 0.075000
1 0.272396 0.859722 0.076042 0.116667
1 0.745833 0.871528 0.083333 0.098611
1 0.645833 0.722222 0.156250 0.166667
1 0.783333 0.684722 0.087500 0.111111
1 0.198437 0.295833 0.059375 0.155556
