0 0.533333 0.892361 0.100000 0.215278
1 0.533333 0.890972 0.100000 0.215278
1 0.620313 0.947917 0.065625 0.101389
1 0.769792 0.234028 0.095833 0.137500
1 0.372917 0.199306 0.127083 0.143056
2 0.528646 0.959028 0.017708 0.015278
1 0.259375 0.290972 0.102083 0.159722
1 0.270833 0.122222 0.083333 0.144444
1 0.345313 0.890278 0.073958 0.097222
1 0.163021 0.800694 0.084375 0.090278
1 0.772396 0.495833 0.109375 0.130556
1 0.745313 0.872917 0.078125 0.098611
1 0.267708 0.847222 0.068750 0.088889
1 0.634375 0.713194 0.160417 0.195833
1 0.780729 0.677778 0.084375 0.130556
