0 0.526042 0.886806 0.095833 0.220833
1 0.526042 0.886806 0.095833 0.223611
1 0.619271 0.947917 0.065625 0.104167
1 0.261979 0.293056 0.105208 0.158333
1 0.769271 0.233333 0.094792 0.136111
1 0.374479 0.195833 0.123958 0.150000
2 0.517188 0.929167 0.017708 0.016667
1 0.270313 0.119444 0.084375 0.144444
1 0.345313 0.886806 0.073958 0.095833
1 0.163542 0.799306 0.089583 0.093056
1 0.744792 0.872917 0.079167 0.098611
1 0.772917 0.493056 0.110417 0.130556
1 0.634375 0.697917 0.162500 0.234722
1 0.778646 0.676389 0.092708 0.127778
1 0.191146 0.269444 0.067708 0.091667
1 0.272396 0.858333 0.086458 0.091667
1 0.052604 0.322917 0.071875 0.070833
