0 0.526563 0.886806 0.096875 0.220833
1 0.526563 0.886806 0.096875 0.220833
1 0.261979 0.293056 0.105208 0.158333
1 0.619271 0.945833 0.065625 0.102778
1 0.768750 0.235417 0.093750 0.140278
1 0.374479 0.197917 0.123958 0.151389
2 0.516667 0.918056 0.018750 0.016667
1 0.270313 0.119444 0.084375 0.144444
1 0.344792 0.886806 0.072917 0.093056
1 0.163021 0.799306 0.088542 0.090278
1 0.745313 0.870833 0.080208 0.100000
1 0.773438 0.493056 0.109375 0.133333
1 0.633854 0.696528 0.157292 0.231944
1 0.776042 0.680556 0.095833 0.127778
1 0.191667 0.272222 0.064583 0.088889
1 0.274479 0.860417 0.098958 0.098611
1 0.052083 0.313889 0.058333 0.072222
