0 0.543229 0.834722 0.101042 0.261111
1 0.543229 0.835417 0.101042 0.262500
1 0.261458 0.293056 0.104167 0.158333
1 0.620313 0.945833 0.063542 0.102778
1 0.376042 0.196528 0.120833 0.148611
2 0.538542 0.861806 0.020833 0.018056
1 0.269792 0.121528 0.083333 0.143056
1 0.345833 0.888889 0.072917 0.097222
1 0.764583 0.240278 0.089583 0.127778
1 0.745313 0.870833 0.080208 0.097222
1 0.163021 0.800694 0.086458 0.090278
1 0.772396 0.494444 0.107292 0.130556
1 0.191667 0.266667 0.068750 0.105556
1 0.654167 0.694444 0.150000 0.230556
1 0.782813 0.680556 0.090625 0.133333
1 0.272917 0.861806 0.093750 0.101389
1 0.072396 0.284028 0.063542 0.070833
