1 0.212500 0.179167 0.104167 0.138889
0 0.213021 0.180556 0.105208 0.138889
1 0.265625 0.275694 0.093750 0.162500
1 0.223958 0.677083 0.093750 0.118056
2 0.208854 0.151389 0.011458 0.016667
1 0.168750 0.800000 0.102083 0.097222
1 0.626042 0.917361 0.091667 0.104167
1 0.744792 0.867361 0.083333 0.098611
1 0.119271 0.573611 0.082292 0.113889
1 0.268229 0.126389 0.084375 0.136111
1 0.772917 0.493750 0.108333 0.137500
1 0.768229 0.264583 0.098958 0.084722
1 0.350000 0.883333 0.081250 0.102778
1 0.350521 0.209028 0.080208 0.126389
1 0.638542 0.752083 0.116667 0.170833
1 0.265625 0.831944 0.085417 0.086111
1 0.593229 0.085417 0.092708 0.148611
1 0.668750 0.506250 0.100000 0.184722
1 0.776042 0.706250 0.087500 0.134722
1 0.252083 0.140278 0.083333 0.105556
1 0.150521 0.292361 0.076042 0.070833
