1 0.560417 0.147917 0.091667 0.265278
1 0.619792 0.947222 0.066667 0.102778
0 0.559896 0.147917 0.090625 0.265278
1 0.263542 0.295139 0.106250 0.165278
1 0.321875 0.112500 0.083333 0.152778
1 0.376563 0.193056 0.105208 0.155556
2 0.576042 0.109028 0.018750 0.018056
1 0.347396 0.893750 0.076042 0.106944
1 0.148438 0.286111 0.073958 0.080556
1 0.745833 0.871528 0.083333 0.098611
1 0.258333 0.113194 0.060417 0.143056
1 0.163021 0.800694 0.088542 0.093056
1 0.771354 0.493750 0.109375 0.131944
1 0.681771 0.166667 0.130208 0.202778
1 0.648438 0.748611 0.103125 0.166667
1 0.794271 0.668750 0.065625 0.129167
1 0.276042 0.865278 0.081250 0.108333
