0 0.559375 0.161111 0.093750 0.263889
1 0.659375 0.166667 0.156250 0.205556
1 0.559896 0.162500 0.092708 0.269444
1 0.619792 0.947222 0.066667 0.102778
1 0.263021 0.294444 0.105208 0.163889
1 0.373437 0.193750 0.094792 0.154167
1 0.320312 0.112500 0.080208 0.150000
2 0.572917 0.121528 0.018750 0.018056
1 0.346875 0.893056 0.075000 0.105556
1 0.148438 0.286111 0.073958 0.080556
1 0.745833 0.870139 0.083333 0.098611
1 0.265104 0.124306 0.065625 0.151389
1 0.163542 0.801389 0.087500 0.091667
1 0.771875 0.493750 0.108333 0.131944
1 0.647396 0.749306 0.103125 0.168056
1 0.792708 0.681250 0.070833 0.156944
1 0.272917 0.870833 0.072917 0.116667
