0 0.552604 0.220139 0.092708 0.279167
1 0.552604 0.219444 0.092708 0.275000
1 0.619792 0.947222 0.066667 0.102778
1 0.360938 0.198611 0.071875 0.138889
1 0.321354 0.109028 0.080208 0.143056
2 0.572396 0.180556 0.017708 0.016667
1 0.347396 0.890278 0.076042 0.100000
1 0.259375 0.286111 0.104167 0.155556
1 0.148958 0.286806 0.075000 0.079167
1 0.746875 0.870139 0.083333 0.098611
1 0.165104 0.800694 0.092708 0.093056
1 0.771354 0.494444 0.109375 0.133333
1 0.648438 0.749306 0.103125 0.168056
1 0.117708 0.558333 0.081250 0.083333
1 0.794271 0.672917 0.069792 0.140278
1 0.628125 0.156250 0.093750 0.240278
1 0.261458 0.122917 0.060417 0.134722
1 0.273438 0.862500 0.076042 0.119444
