1 0.216667 0.156944 0.106250 0.091667
1 0.266146 0.270833 0.092708 0.166667
0 0.216146 0.156250 0.107292 0.090278
2 0.216146 0.155556 0.013542 0.016667
1 0.223438 0.675694 0.094792 0.115278
1 0.168229 0.799306 0.101042 0.095833
1 0.626042 0.916667 0.091667 0.105556
1 0.744271 0.868056 0.082292 0.094444
1 0.119271 0.572917 0.082292 0.112500
1 0.348438 0.209028 0.084375 0.129167
1 0.349479 0.881944 0.082292 0.102778
1 0.772917 0.493750 0.106250 0.137500
1 0.593229 0.085417 0.092708 0.148611
1 0.637500 0.750694 0.116667 0.170833
1 0.265104 0.830556 0.086458 0.086111
1 0.776563 0.705556 0.088542 0.133333
1 0.767708 0.263194 0.097917 0.081944
1 0.269792 0.127778 0.083333 0.136111
1 0.668750 0.505556 0.102083 0.183333
1 0.150000 0.288194 0.077083 0.076389
