1 0.217188 0.156944 0.105208 0.080556
1 0.262500 0.271528 0.093750 0.168056
1 0.223958 0.676389 0.095833 0.113889
0 0.216146 0.156944 0.103125 0.080556
2 0.213021 0.160417 0.013542 0.018056
1 0.168229 0.799306 0.101042 0.095833
1 0.627083 0.918056 0.091667 0.105556
1 0.743750 0.868056 0.081250 0.094444
1 0.118229 0.572917 0.082292 0.112500
1 0.347396 0.206944 0.086458 0.127778
1 0.772396 0.493750 0.107292 0.137500
1 0.349479 0.882639 0.082292 0.101389
1 0.637500 0.750694 0.116667 0.168056
1 0.593229 0.085417 0.092708 0.143056
1 0.265104 0.830556 0.086458 0.086111
1 0.769271 0.264583 0.101042 0.087500
1 0.668750 0.507639 0.102083 0.187500
1 0.776042 0.704167 0.087500 0.133333
1 0.269271 0.124306 0.084375 0.131944
1 0.149479 0.290278 0.076042 0.075000
