1 0.203125 0.193056 0.106250 0.122222
0 0.203646 0.193750 0.107292 0.120833
1 0.264062 0.274306 0.090625 0.162500
1 0.225000 0.675694 0.093750 0.115278
2 0.205208 0.175000 0.012500 0.016667
1 0.627604 0.919444 0.086458 0.102778
1 0.168750 0.800000 0.102083 0.097222
1 0.743750 0.868056 0.081250 0.094444
1 0.118750 0.572222 0.083333 0.111111
1 0.267188 0.126389 0.086458 0.136111
1 0.348958 0.883333 0.081250 0.102778
1 0.772917 0.493750 0.106250 0.137500
1 0.348438 0.206944 0.084375 0.127778
1 0.265625 0.831944 0.085417 0.086111
1 0.769271 0.265972 0.101042 0.087500
1 0.638021 0.751389 0.117708 0.169444
1 0.593750 0.087500 0.091667 0.144444
1 0.669792 0.506944 0.102083 0.186111
1 0.777604 0.704861 0.088542 0.134722
