1 0.180208 0.245139 0.091667 0.115278
1 0.265625 0.273611 0.093750 0.163889
0 0.181771 0.246528 0.092708 0.115278
1 0.224479 0.675694 0.092708 0.112500
1 0.627604 0.919444 0.086458 0.102778
2 0.187500 0.213889 0.012500 0.016667
1 0.168750 0.800000 0.102083 0.097222
1 0.118750 0.572222 0.083333 0.111111
1 0.744271 0.867361 0.082292 0.095833
1 0.348958 0.883333 0.081250 0.102778
1 0.268229 0.125694 0.084375 0.131944
1 0.772917 0.493750 0.106250 0.137500
1 0.265625 0.831944 0.085417 0.086111
1 0.769271 0.265278 0.101042 0.086111
1 0.638021 0.751389 0.117708 0.169444
1 0.593750 0.086806 0.091667 0.145833
1 0.669792 0.507639 0.102083 0.187500
1 0.777604 0.704861 0.088542 0.134722
1 0.351042 0.208333 0.077083 0.130556
1 0.152604 0.293056 0.082292 0.069444
