0 0.314063 0.812500 0.146875 0.147222
1 0.314583 0.811806 0.145833 0.145833
1 0.628125 0.918750 0.087500 0.101389
1 0.264583 0.268750 0.102083 0.151389
1 0.214062 0.672917 0.094792 0.106944
2 0.292708 0.819444 0.012500 0.025000
1 0.770833 0.494444 0.110417 0.138889
1 0.268750 0.127778 0.085417 0.130556
1 0.747917 0.868750 0.087500 0.095833
1 0.767188 0.276389 0.096875 0.100000
1 0.671354 0.499306 0.111458 0.184722
1 0.594792 0.085417 0.087500 0.148611
1 0.640104 0.747917 0.117708 0.165278
1 0.776563 0.706944 0.088542 0.130556
1 0.352083 0.215278 0.072917 0.125000
1 0.164062 0.800000 0.092708 0.091667
1 0.151562 0.292361 0.080208 0.068056
