1 0.345833 0.811806 0.150000 0.159722
0 0.345833 0.811111 0.150000 0.161111
1 0.628125 0.918750 0.087500 0.101389
1 0.264583 0.270139 0.102083 0.156944
1 0.219271 0.679167 0.086458 0.116667
2 0.326042 0.816667 0.012500 0.027778
1 0.770833 0.494444 0.110417 0.138889
1 0.269271 0.128472 0.084375 0.131944
1 0.747396 0.869444 0.086458 0.097222
1 0.767188 0.276389 0.096875 0.100000
1 0.671354 0.500000 0.111458 0.186111
1 0.594792 0.085417 0.087500 0.148611
1 0.640104 0.748611 0.117708 0.166667
1 0.776563 0.706944 0.088542 0.130556
1 0.161458 0.800694 0.089583 0.093056
1 0.350521 0.209722 0.073958 0.127778
1 0.152604 0.292361 0.080208 0.068056
1 0.116667 0.556944 0.083333 0.083333
