0 0.523958 0.117361 0.156250 0.231944
1 0.525000 0.117361 0.156250 0.231944
1 0.628125 0.919444 0.087500 0.100000
1 0.264062 0.263889 0.105208 0.141667
2 0.539062 0.056944 0.013542 0.011111
1 0.168750 0.798611 0.100000 0.094444
1 0.771354 0.493750 0.109375 0.140278
1 0.670312 0.501389 0.107292 0.186111
1 0.747396 0.870139 0.086458 0.095833
1 0.641667 0.750000 0.116667 0.166667
1 0.265104 0.127778 0.088542 0.119444
1 0.766667 0.277083 0.095833 0.098611
1 0.777083 0.706944 0.087500 0.130556
1 0.347396 0.875000 0.080208 0.091667
1 0.333854 0.226389 0.107292 0.100000
1 0.265625 0.847222 0.087500 0.108333
1 0.150000 0.293056 0.077083 0.069444
