0 0.543229 0.121528 0.096875 0.240278
1 0.543229 0.122222 0.096875 0.241667
1 0.628125 0.919444 0.087500 0.100000
1 0.267188 0.261111 0.096875 0.130556
2 0.555208 0.078472 0.016667 0.012500
1 0.771354 0.493750 0.109375 0.140278
1 0.168750 0.799306 0.102083 0.095833
1 0.670833 0.502083 0.108333 0.187500
1 0.747396 0.870833 0.086458 0.094444
1 0.641667 0.750000 0.116667 0.166667
1 0.766667 0.277083 0.095833 0.098611
1 0.264583 0.128472 0.089583 0.118056
1 0.777083 0.707639 0.087500 0.129167
1 0.347396 0.875000 0.080208 0.091667
1 0.333333 0.225694 0.106250 0.098611
1 0.265625 0.846528 0.087500 0.106944
1 0.148958 0.293750 0.081250 0.070833
