1 0.111458 0.244444 0.085417 0.125000
1 0.263542 0.268750 0.095833 0.173611
0 0.111458 0.245139 0.085417 0.123611
2 0.106250 0.202778 0.008333 0.016667
1 0.118750 0.573611 0.083333 0.113889
1 0.269271 0.126389 0.082292 0.138889
1 0.168229 0.800694 0.101042 0.098611
1 0.745833 0.868056 0.085417 0.097222
1 0.771875 0.493056 0.110417 0.138889
1 0.768229 0.263889 0.098958 0.086111
1 0.668750 0.506250 0.100000 0.187500
1 0.596354 0.085417 0.090625 0.148611
1 0.638542 0.751389 0.116667 0.172222
1 0.349479 0.209722 0.080208 0.125000
1 0.350000 0.883333 0.083333 0.102778
1 0.265625 0.832639 0.085417 0.087500
1 0.777083 0.706944 0.087500 0.136111
1 0.628125 0.919444 0.085417 0.111111
