1 0.536458 0.892361 0.093750 0.212500
0 0.536458 0.892361 0.093750 0.215278
1 0.629167 0.920833 0.087500 0.100000
1 0.269271 0.275000 0.090625 0.141667
2 0.533854 0.956944 0.017708 0.013889
1 0.266667 0.127083 0.087500 0.129167
1 0.772396 0.493750 0.107292 0.137500
1 0.337500 0.213194 0.095833 0.118056
1 0.595313 0.085417 0.088542 0.151389
1 0.345833 0.875000 0.077083 0.091667
1 0.642708 0.748611 0.112500 0.163889
1 0.670833 0.495139 0.106250 0.179167
1 0.745833 0.868056 0.083333 0.094444
1 0.767188 0.277083 0.096875 0.104167
1 0.166146 0.800694 0.098958 0.093056
1 0.777083 0.705556 0.087500 0.127778
1 0.148958 0.295833 0.079167 0.066667
1 0.221354 0.675694 0.094792 0.120833
1 0.194792 0.267361 0.079167 0.084722
1 0.270313 0.856250 0.067708 0.115278
