0 0.543750 0.834028 0.102083 0.259722
1 0.543750 0.833333 0.102083 0.258333
1 0.630729 0.919444 0.082292 0.100000
1 0.269271 0.277778 0.094792 0.141667
1 0.220833 0.677778 0.087500 0.119444
2 0.552083 0.854167 0.020833 0.013889
1 0.772396 0.494444 0.107292 0.138889
1 0.265625 0.127083 0.087500 0.129167
1 0.166667 0.800000 0.100000 0.091667
1 0.595313 0.084028 0.088542 0.154167
1 0.336458 0.207639 0.100000 0.129167
1 0.346354 0.875000 0.078125 0.091667
1 0.670833 0.493750 0.106250 0.176389
1 0.766667 0.277778 0.095833 0.102778
1 0.745833 0.868056 0.083333 0.094444
1 0.644271 0.749306 0.109375 0.165278
1 0.777083 0.705556 0.087500 0.127778
1 0.150521 0.295139 0.080208 0.070833
1 0.195833 0.273611 0.085417 0.102778
