0 0.477604 0.112500 0.090625 0.222222
1 0.478125 0.111806 0.091667 0.220833
1 0.628646 0.919444 0.086458 0.100000
1 0.397396 0.190278 0.134375 0.169444
1 0.190625 0.264583 0.077083 0.104167
1 0.269792 0.286111 0.089583 0.144444
0 0.190625 0.265972 0.077083 0.104167
2 0.486458 0.071528 0.016667 0.009722
2 0.202604 0.243056 0.009375 0.019444
1 0.168229 0.800000 0.105208 0.097222
1 0.745833 0.866667 0.083333 0.097222
1 0.639583 0.750694 0.116667 0.168056
1 0.771875 0.495139 0.110417 0.134722
1 0.670833 0.501389 0.104167 0.191667
1 0.594271 0.086806 0.090625 0.154167
1 0.777083 0.704861 0.087500 0.131944
1 0.767188 0.279167 0.094792 0.105556
1 0.346354 0.875000 0.082292 0.091667
1 0.266146 0.849306 0.088542 0.112500
1 0.157292 0.181944 0.108333 0.102778
