0 0.515104 0.135417 0.090625 0.251389
1 0.514583 0.136111 0.089583 0.252778
1 0.396354 0.191667 0.134375 0.163889
1 0.628125 0.918750 0.087500 0.101389
1 0.191146 0.265972 0.078125 0.104167
1 0.270313 0.285417 0.090625 0.143056
0 0.188542 0.264583 0.075000 0.101389
2 0.531771 0.088889 0.017708 0.011111
2 0.203125 0.240972 0.008333 0.020833
1 0.168750 0.799306 0.104167 0.095833
1 0.745833 0.866667 0.083333 0.097222
1 0.639583 0.750000 0.118750 0.166667
1 0.771875 0.495139 0.110417 0.134722
1 0.671354 0.502083 0.103125 0.193056
1 0.596354 0.086806 0.088542 0.156944
1 0.777083 0.704861 0.087500 0.131944
1 0.767188 0.278472 0.094792 0.104167
1 0.346354 0.875000 0.082292 0.091667
1 0.265625 0.850000 0.089583 0.111111
1 0.121354 0.217361 0.084375 0.115278
