1 0.266667 0.270833 0.095833 0.166667
1 0.123958 0.204861 0.081250 0.076389
0 0.123958 0.204861 0.081250 0.076389
1 0.628125 0.918750 0.087500 0.104167
1 0.269271 0.127083 0.082292 0.137500
1 0.118229 0.573611 0.082292 0.113889
1 0.768229 0.263889 0.098958 0.086111
1 0.745313 0.868056 0.084375 0.097222
1 0.771875 0.492361 0.110417 0.140278
1 0.668750 0.506944 0.100000 0.186111
1 0.595313 0.085417 0.092708 0.148611
1 0.349479 0.209722 0.080208 0.125000
1 0.638542 0.751389 0.116667 0.172222
1 0.350000 0.882639 0.083333 0.104167
1 0.167708 0.801389 0.100000 0.097222
1 0.265625 0.832639 0.085417 0.087500
1 0.777083 0.706250 0.087500 0.134722
1 0.148438 0.297917 0.076042 0.051389
2 0.124479 0.188889 0.007292 0.016667
