1 0.529167 0.878472 0.097917 0.240278
0 0.529167 0.877778 0.100000 0.241667
1 0.628646 0.919444 0.086458 0.102778
1 0.265104 0.290278 0.103125 0.152778
1 0.382812 0.200694 0.132292 0.148611
2 0.528646 0.925694 0.017708 0.012500
1 0.192708 0.266667 0.070833 0.105556
2 0.205208 0.243750 0.006250 0.018056
0 0.193229 0.267361 0.069792 0.104167
1 0.167708 0.800000 0.104167 0.094444
1 0.745833 0.867361 0.083333 0.095833
1 0.670312 0.499306 0.103125 0.184722
1 0.643750 0.747917 0.108333 0.162500
1 0.771875 0.496528 0.108333 0.134722
1 0.594271 0.087500 0.092708 0.155556
1 0.776563 0.706944 0.086458 0.130556
1 0.767188 0.278472 0.094792 0.104167
1 0.346354 0.879167 0.080208 0.100000
1 0.150521 0.295139 0.082292 0.070833
1 0.271354 0.872222 0.065625 0.116667
