0 0.534896 0.875694 0.092708 0.240278
1 0.534896 0.876389 0.092708 0.238889
1 0.629167 0.918056 0.085417 0.102778
1 0.263542 0.288194 0.104167 0.151389
1 0.193229 0.266667 0.069792 0.105556
0 0.192708 0.266667 0.070833 0.105556
2 0.534896 0.903472 0.019792 0.012500
1 0.381771 0.199306 0.130208 0.145833
2 0.206250 0.243056 0.006250 0.016667
1 0.166667 0.799306 0.104167 0.093056
1 0.744792 0.866667 0.083333 0.094444
1 0.669792 0.499306 0.102083 0.184722
1 0.644271 0.747917 0.107292 0.162500
1 0.771354 0.494444 0.107292 0.133333
1 0.594271 0.086806 0.092708 0.156944
1 0.776563 0.705556 0.086458 0.130556
1 0.767188 0.277083 0.094792 0.104167
1 0.345833 0.879167 0.079167 0.100000
1 0.151042 0.294444 0.083333 0.069444
1 0.274479 0.870833 0.071875 0.116667
