0 0.565104 0.786111 0.123958 0.225000
1 0.564583 0.785417 0.125000 0.226389
1 0.625521 0.920139 0.094792 0.101389
1 0.265104 0.291667 0.103125 0.155556
1 0.193750 0.266667 0.070833 0.105556
0 0.193750 0.268056 0.070833 0.105556
1 0.388542 0.195833 0.137500 0.155556
2 0.205208 0.244444 0.006250 0.016667
2 0.568750 0.800000 0.022917 0.016667
1 0.745833 0.866667 0.083333 0.097222
1 0.670312 0.505556 0.101042 0.191667
1 0.167187 0.800694 0.103125 0.095833
1 0.646354 0.743750 0.107292 0.154167
1 0.594271 0.087500 0.092708 0.155556
1 0.772396 0.497222 0.109375 0.133333
1 0.777083 0.705556 0.087500 0.133333
1 0.767188 0.278472 0.094792 0.104167
1 0.345313 0.879167 0.084375 0.097222
1 0.273438 0.861806 0.059375 0.106944
1 0.146875 0.300000 0.075000 0.063889
