1 0.530208 0.903472 0.100000 0.193056
0 0.530208 0.903472 0.100000 0.193056
1 0.632292 0.946528 0.097917 0.104167
1 0.263021 0.295139 0.105208 0.154167
2 0.521875 0.958333 0.018750 0.016667
1 0.348958 0.200000 0.083333 0.141667
1 0.269792 0.118750 0.085417 0.143056
1 0.771875 0.495139 0.108333 0.134722
1 0.747396 0.869444 0.084375 0.100000
1 0.778125 0.705556 0.087500 0.130556
1 0.641146 0.747222 0.117708 0.163889
1 0.168229 0.800000 0.096875 0.094444
1 0.765104 0.263889 0.092708 0.086111
1 0.669792 0.506250 0.108333 0.184722
1 0.345313 0.877083 0.082292 0.093056
1 0.594792 0.086806 0.091667 0.156944
1 0.145833 0.288194 0.062500 0.070833
1 0.271875 0.850000 0.077083 0.097222
1 0.195833 0.276389 0.058333 0.094444
