0 0.697917 0.138194 0.114583 0.187500
1 0.697396 0.140278 0.115625 0.186111
1 0.263021 0.285417 0.105208 0.129167
1 0.353646 0.200694 0.076042 0.143056
1 0.629687 0.945833 0.096875 0.102778
2 0.724479 0.122917 0.015625 0.020833
1 0.269792 0.119444 0.083333 0.141667
1 0.744792 0.868056 0.083333 0.097222
1 0.773438 0.495139 0.107292 0.134722
1 0.778125 0.703472 0.085417 0.137500
1 0.344271 0.874306 0.080208 0.093056
1 0.672396 0.510417 0.107292 0.187500
1 0.164062 0.799306 0.090625 0.090278
1 0.764583 0.266667 0.095833 0.083333
1 0.588542 0.084028 0.087500 0.165278
1 0.140625 0.284028 0.056250 0.084722
1 0.641667 0.706250 0.116667 0.154167
1 0.269792 0.859028 0.072917 0.112500
1 0.196354 0.277083 0.059375 0.104167
