1 0.532813 0.864583 0.101042 0.259722
0 0.532813 0.864583 0.101042 0.259722
1 0.631771 0.946528 0.094792 0.104167
1 0.264583 0.276389 0.097917 0.113889
2 0.526042 0.895139 0.020833 0.015278
1 0.744792 0.868056 0.083333 0.097222
1 0.349479 0.204167 0.082292 0.133333
1 0.345833 0.880556 0.077083 0.100000
1 0.777083 0.705556 0.085417 0.130556
1 0.160938 0.800694 0.084375 0.093056
1 0.765104 0.268056 0.092708 0.094444
1 0.772396 0.494444 0.109375 0.133333
1 0.270313 0.119444 0.086458 0.136111
1 0.268229 0.852778 0.069792 0.094444
1 0.136458 0.297222 0.050000 0.102778
1 0.654687 0.736806 0.128125 0.140278
1 0.163021 0.169444 0.107292 0.105556
1 0.187500 0.277778 0.070833 0.105556
