0 0.534896 0.857639 0.101042 0.243056
1 0.534896 0.856944 0.101042 0.241667
1 0.632292 0.946528 0.093750 0.104167
1 0.264583 0.275694 0.095833 0.115278
2 0.526563 0.874306 0.019792 0.015278
1 0.745313 0.868056 0.082292 0.097222
1 0.348958 0.204167 0.083333 0.136111
1 0.271354 0.119444 0.084375 0.138889
1 0.346875 0.880556 0.077083 0.100000
1 0.777604 0.704167 0.086458 0.133333
1 0.161979 0.800694 0.084375 0.090278
1 0.268750 0.850694 0.070833 0.093056
1 0.772917 0.495833 0.108333 0.130556
1 0.766146 0.271528 0.090625 0.101389
1 0.141146 0.298611 0.055208 0.102778
1 0.658333 0.741667 0.133333 0.150000
1 0.140104 0.172222 0.076042 0.097222
1 0.193229 0.275694 0.071875 0.098611
