0 0.545312 0.775000 0.107292 0.258333
1 0.545312 0.775000 0.107292 0.261111
1 0.630729 0.946528 0.094792 0.104167
1 0.267708 0.275694 0.093750 0.112500
2 0.528646 0.800694 0.021875 0.018056
1 0.271354 0.120833 0.084375 0.141667
1 0.347917 0.205556 0.085417 0.138889
1 0.745833 0.867361 0.081250 0.095833
1 0.346354 0.878472 0.073958 0.098611
1 0.161458 0.801389 0.085417 0.091667
1 0.777083 0.705556 0.087500 0.130556
1 0.113021 0.197222 0.069792 0.086111
1 0.771875 0.495833 0.108333 0.133333
1 0.267708 0.848611 0.072917 0.091667
1 0.136979 0.299306 0.051042 0.101389
1 0.766667 0.278472 0.093750 0.101389
1 0.659896 0.743056 0.119792 0.138889
1 0.193750 0.277083 0.062500 0.098611
