0 0.448437 0.115278 0.096875 0.227778
1 0.448958 0.115278 0.095833 0.227778
1 0.630208 0.947222 0.095833 0.102778
1 0.265625 0.277083 0.095833 0.118056
2 0.457292 0.077778 0.018750 0.016667
1 0.746354 0.867361 0.080208 0.095833
1 0.270833 0.121528 0.085417 0.140278
1 0.345313 0.212500 0.086458 0.136111
1 0.771354 0.495139 0.109375 0.134722
1 0.777083 0.705556 0.085417 0.130556
1 0.346354 0.875000 0.073958 0.088889
1 0.161979 0.800694 0.084375 0.090278
1 0.131250 0.300694 0.039583 0.101389
1 0.766146 0.278472 0.092708 0.101389
1 0.268229 0.862500 0.069792 0.111111
1 0.192708 0.276389 0.070833 0.102778
