0 0.461458 0.111111 0.102083 0.219444
1 0.461458 0.110417 0.102083 0.218056
1 0.630208 0.947222 0.095833 0.102778
1 0.265104 0.277083 0.096875 0.118056
2 0.468750 0.075694 0.018750 0.015278
1 0.746354 0.867361 0.080208 0.095833
1 0.270313 0.121528 0.084375 0.140278
1 0.770833 0.494444 0.108333 0.136111
1 0.777083 0.705556 0.085417 0.130556
1 0.347917 0.209028 0.085417 0.145833
1 0.346875 0.874306 0.075000 0.090278
1 0.162500 0.800694 0.087500 0.090278
1 0.133854 0.304167 0.042708 0.108333
1 0.766146 0.278472 0.092708 0.101389
1 0.273438 0.862500 0.073958 0.108333
1 0.188021 0.274306 0.073958 0.098611
