1 0.050000 0.305556 0.056250 0.055556
1 0.638542 0.755556 0.104167 0.163889
1 0.345833 0.872917 0.077083 0.093056
1 0.672396 0.497917 0.094792 0.168056
1 0.275521 0.264583 0.090625 0.115278
1 0.117708 0.575694 0.077083 0.095833
1 0.626042 0.920833 0.085417 0.100000
1 0.588542 0.091667 0.081250 0.158333
1 0.777083 0.704167 0.083333 0.122222
1 0.249479 0.139583 0.088542 0.098611
1 0.770312 0.493056 0.090625 0.136111
1 0.766667 0.274306 0.091667 0.106944
1 0.400000 0.090972 0.081250 0.087500
1 0.263542 0.836806 0.079167 0.081944
1 0.168229 0.797917 0.098958 0.093056
1 0.747396 0.869444 0.078125 0.091667
1 0.204687 0.238889 0.061458 0.111111
