1 0.123438 0.211806 0.059375 0.084722
1 0.766667 0.259028 0.089583 0.098611
1 0.670312 0.490972 0.103125 0.173611
1 0.116667 0.575694 0.079167 0.106944
1 0.635417 0.747917 0.110417 0.162500
1 0.346354 0.874306 0.080208 0.095833
1 0.772396 0.483333 0.092708 0.136111
1 0.275000 0.269444 0.106250 0.127778
1 0.163542 0.799306 0.091667 0.090278
1 0.626042 0.919444 0.087500 0.105556
1 0.591146 0.088194 0.088542 0.151389
1 0.254167 0.136806 0.091667 0.101389
1 0.747917 0.869444 0.077083 0.094444
1 0.778646 0.705556 0.084375 0.130556
1 0.202604 0.238889 0.067708 0.102778
1 0.265104 0.841667 0.076042 0.083333
