1 0.184375 0.166667 0.068750 0.075000
1 0.203646 0.254167 0.059375 0.091667
1 0.259896 0.837500 0.069792 0.086111
1 0.672396 0.493750 0.107292 0.184722
1 0.775000 0.490278 0.100000 0.127778
1 0.745313 0.868056 0.082292 0.097222
1 0.773438 0.232639 0.103125 0.129167
1 0.116146 0.581250 0.076042 0.101389
1 0.282813 0.260417 0.103125 0.129167
1 0.593750 0.089583 0.083333 0.148611
1 0.776042 0.706250 0.083333 0.134722
1 0.256250 0.135417 0.095833 0.120833
1 0.625521 0.744444 0.128125 0.163889
1 0.345833 0.877083 0.077083 0.087500
1 0.625000 0.918750 0.087500 0.104167
1 0.163021 0.800694 0.084375 0.087500
1 0.147917 0.289583 0.075000 0.065278
