1 0.263542 0.266667 0.097917 0.183333
1 0.670833 0.499306 0.110417 0.195833
1 0.626042 0.918056 0.091667 0.105556
1 0.745833 0.868056 0.083333 0.097222
1 0.771354 0.234028 0.101042 0.137500
1 0.636979 0.752778 0.123958 0.166667
1 0.355208 0.889583 0.095833 0.115278
1 0.269271 0.129167 0.080208 0.133333
1 0.310937 0.211806 0.123958 0.106944
1 0.161979 0.802778 0.088542 0.097222
1 0.116667 0.581250 0.079167 0.101389
1 0.193229 0.252778 0.065625 0.088889
1 0.264583 0.839583 0.083333 0.093056
1 0.151042 0.289583 0.077083 0.076389
1 0.777604 0.706250 0.086458 0.140278
1 0.595313 0.087500 0.090625 0.163889
1 0.772396 0.495833 0.111458 0.127778
