1 0.169271 0.799306 0.103125 0.098611
1 0.263021 0.273611 0.098958 0.169444
1 0.747396 0.868056 0.084375 0.097222
1 0.625521 0.917361 0.092708 0.106944
1 0.673438 0.496528 0.111458 0.193056
1 0.354167 0.886111 0.097917 0.113889
1 0.277083 0.124306 0.081250 0.143056
1 0.639062 0.752083 0.117708 0.170833
1 0.120833 0.572222 0.081250 0.116667
1 0.317708 0.226389 0.120833 0.100000
1 0.768750 0.235417 0.095833 0.143056
1 0.149479 0.288889 0.086458 0.077778
1 0.265625 0.840972 0.085417 0.095833
1 0.193229 0.250000 0.071875 0.091667
1 0.778646 0.706944 0.088542 0.147222
1 0.598437 0.088889 0.094792 0.158333
1 0.774479 0.487500 0.107292 0.138889
