1 0.169271 0.799306 0.103125 0.098611
1 0.261979 0.268056 0.096875 0.180556
1 0.120313 0.573611 0.084375 0.116667
1 0.626042 0.917361 0.093750 0.106944
1 0.746354 0.868056 0.084375 0.097222
1 0.675521 0.499306 0.109375 0.195833
1 0.265625 0.126389 0.091667 0.133333
1 0.354167 0.885417 0.091667 0.109722
1 0.351042 0.203472 0.079167 0.137500
1 0.265625 0.834028 0.087500 0.087500
1 0.769792 0.262500 0.097917 0.088889
1 0.772917 0.493056 0.108333 0.138889
1 0.639583 0.752083 0.116667 0.170833
1 0.152083 0.292361 0.077083 0.073611
1 0.779167 0.706944 0.089583 0.144444
1 0.598437 0.090278 0.092708 0.152778
1 0.195833 0.247917 0.075000 0.090278
