1 0.044792 0.355556 0.062500 0.047222
1 0.169271 0.799306 0.103125 0.098611
1 0.261979 0.267361 0.096875 0.181944
1 0.119792 0.573611 0.083333 0.116667
1 0.626042 0.917361 0.093750 0.106944
1 0.747396 0.868056 0.084375 0.097222
1 0.675521 0.499306 0.111458 0.195833
1 0.772396 0.493750 0.109375 0.137500
1 0.352083 0.886111 0.087500 0.111111
1 0.265625 0.834028 0.087500 0.087500
1 0.265104 0.126389 0.090625 0.133333
1 0.350521 0.203472 0.080208 0.137500
1 0.771354 0.264583 0.103125 0.087500
1 0.640104 0.752083 0.115625 0.170833
1 0.598958 0.088194 0.093750 0.145833
1 0.152083 0.292361 0.075000 0.073611
1 0.778646 0.706944 0.088542 0.141667
1 0.194792 0.245833 0.072917 0.088889
