1 0.672917 0.486806 0.114583 0.170833
1 0.772396 0.493750 0.109375 0.137500
1 0.347396 0.881944 0.078125 0.102778
1 0.169271 0.799306 0.103125 0.098611
1 0.118750 0.573611 0.083333 0.113889
1 0.775521 0.707639 0.086458 0.129167
1 0.263021 0.268750 0.096875 0.179167
1 0.626042 0.916667 0.093750 0.105556
1 0.269271 0.124306 0.086458 0.140278
1 0.646875 0.738194 0.114583 0.151389
1 0.350521 0.202778 0.080208 0.138889
1 0.771354 0.265972 0.103125 0.087500
1 0.598958 0.086806 0.093750 0.143056
1 0.746354 0.866667 0.084375 0.097222
1 0.265625 0.831944 0.085417 0.088889
1 0.150000 0.290972 0.075000 0.076389
1 0.064583 0.336806 0.075000 0.104167
1 0.197917 0.255556 0.066667 0.119444
1 0.218229 0.670833 0.101042 0.113889
