1 0.772396 0.493750 0.109375 0.137500
1 0.672917 0.487500 0.114583 0.169444
1 0.169271 0.798611 0.105208 0.100000
1 0.347396 0.881944 0.076042 0.102778
1 0.775521 0.707639 0.086458 0.129167
1 0.626042 0.916667 0.093750 0.105556
1 0.118750 0.573611 0.083333 0.113889
1 0.265625 0.831250 0.085417 0.087500
1 0.598958 0.086806 0.093750 0.143056
1 0.219792 0.685417 0.116667 0.131944
1 0.648958 0.736806 0.114583 0.148611
1 0.746875 0.868750 0.083333 0.098611
1 0.270833 0.124306 0.079167 0.134722
1 0.769271 0.266667 0.103125 0.083333
1 0.269792 0.275000 0.083333 0.155556
1 0.065625 0.336806 0.072917 0.109722
1 0.348958 0.210417 0.075000 0.120833
1 0.150521 0.291667 0.078125 0.080556
