1 0.169792 0.799306 0.104167 0.098611
1 0.347917 0.881944 0.077083 0.102778
1 0.625521 0.917361 0.092708 0.106944
1 0.747396 0.869444 0.084375 0.097222
1 0.772396 0.493056 0.109375 0.136111
1 0.674479 0.499306 0.109375 0.195833
1 0.266146 0.831250 0.084375 0.087500
1 0.119271 0.574306 0.082292 0.115278
1 0.598958 0.086111 0.093750 0.147222
1 0.768750 0.266667 0.102083 0.080556
1 0.638542 0.752778 0.116667 0.172222
1 0.219792 0.684722 0.116667 0.136111
1 0.268750 0.127083 0.085417 0.134722
1 0.778646 0.708333 0.088542 0.138889
1 0.347917 0.220139 0.072917 0.101389
1 0.064583 0.336806 0.075000 0.098611
1 0.267708 0.275694 0.087500 0.134722
1 0.151042 0.291667 0.079167 0.077778
1 0.191146 0.171528 0.090625 0.093056
