1 0.169792 0.797222 0.106250 0.100000
1 0.625521 0.918056 0.092708 0.105556
1 0.675521 0.499306 0.109375 0.195833
1 0.346354 0.880556 0.073958 0.100000
1 0.265104 0.831250 0.086458 0.087500
1 0.772917 0.491667 0.108333 0.141667
1 0.744792 0.868056 0.083333 0.100000
1 0.119271 0.574306 0.082292 0.115278
1 0.598958 0.084722 0.091667 0.147222
1 0.268229 0.125694 0.082292 0.131944
1 0.769271 0.264583 0.103125 0.081944
1 0.217708 0.681944 0.116667 0.130556
1 0.638021 0.752778 0.115625 0.172222
1 0.778646 0.706944 0.088542 0.138889
1 0.348438 0.221528 0.071875 0.098611
1 0.270313 0.279167 0.084375 0.138889
1 0.063542 0.330556 0.072917 0.100000
1 0.147917 0.293056 0.081250 0.072222
1 0.190104 0.171528 0.098958 0.126389
