1 0.168229 0.800000 0.101042 0.100000
1 0.347917 0.880556 0.079167 0.102778
1 0.626042 0.918056 0.091667 0.105556
1 0.772917 0.491667 0.108333 0.141667
1 0.119271 0.572917 0.082292 0.115278
1 0.675521 0.506944 0.115625 0.180556
1 0.747917 0.868056 0.087500 0.097222
1 0.597917 0.086806 0.095833 0.145833
1 0.265104 0.831250 0.086458 0.087500
1 0.267708 0.127083 0.085417 0.129167
1 0.769271 0.266667 0.105208 0.083333
1 0.636979 0.752083 0.117708 0.173611
1 0.779167 0.706944 0.089583 0.141667
1 0.269792 0.279167 0.085417 0.144444
1 0.340625 0.224306 0.095833 0.101389
1 0.219271 0.679167 0.101042 0.119444
1 0.060417 0.329167 0.075000 0.097222
1 0.150521 0.293056 0.084375 0.075000
1 0.165625 0.184028 0.108333 0.101389
