1 0.169792 0.798611 0.104167 0.102778
1 0.347917 0.881944 0.079167 0.102778
1 0.626042 0.918056 0.091667 0.105556
1 0.772917 0.492361 0.108333 0.140278
1 0.118750 0.573611 0.083333 0.116667
1 0.675000 0.506944 0.116667 0.183333
1 0.747917 0.868750 0.087500 0.098611
1 0.265625 0.831250 0.085417 0.087500
1 0.598958 0.086806 0.095833 0.145833
1 0.268229 0.128472 0.086458 0.129167
1 0.769792 0.267361 0.104167 0.084722
1 0.637500 0.753472 0.116667 0.173611
1 0.779167 0.708333 0.089583 0.141667
1 0.270833 0.279167 0.087500 0.144444
1 0.340625 0.224306 0.093750 0.101389
1 0.061979 0.333333 0.076042 0.100000
1 0.152083 0.293056 0.085417 0.075000
1 0.220833 0.679167 0.108333 0.125000
1 0.156771 0.190972 0.098958 0.073611
