1 0.169271 0.800000 0.103125 0.097222
1 0.348958 0.884028 0.081250 0.104167
1 0.120313 0.574306 0.084375 0.118056
1 0.626042 0.918056 0.091667 0.105556
1 0.266146 0.831250 0.086458 0.087500
1 0.772917 0.491667 0.108333 0.138889
1 0.598958 0.086111 0.095833 0.147222
1 0.747396 0.868056 0.086458 0.097222
1 0.674479 0.507639 0.113542 0.181944
1 0.268750 0.126389 0.085417 0.133333
1 0.769792 0.267361 0.104167 0.084722
1 0.636979 0.753472 0.117708 0.173611
1 0.779167 0.708333 0.089583 0.141667
1 0.267708 0.275000 0.091667 0.133333
1 0.345313 0.225000 0.096875 0.113889
1 0.056250 0.341667 0.075000 0.091667
1 0.155208 0.291667 0.085417 0.075000
