1 0.048958 0.350694 0.068750 0.090278
1 0.169271 0.800000 0.103125 0.097222
1 0.350000 0.884028 0.081250 0.104167
1 0.626042 0.918056 0.091667 0.105556
1 0.265625 0.831944 0.087500 0.086111
1 0.120313 0.573611 0.084375 0.116667
1 0.772917 0.492361 0.106250 0.140278
1 0.599479 0.086806 0.094792 0.145833
1 0.746875 0.868056 0.085417 0.097222
1 0.267708 0.126389 0.083333 0.133333
1 0.769792 0.268056 0.104167 0.086111
1 0.675521 0.507639 0.111458 0.184722
1 0.637500 0.753472 0.116667 0.173611
1 0.261979 0.275694 0.103125 0.131944
1 0.345313 0.207639 0.086458 0.126389
1 0.779167 0.708333 0.089583 0.138889
1 0.154167 0.291667 0.081250 0.075000
1 0.101562 0.231250 0.076042 0.076389
