1 0.168229 0.799306 0.105208 0.098611
1 0.626042 0.918056 0.091667 0.105556
1 0.348958 0.881944 0.083333 0.102778
1 0.746354 0.865972 0.086458 0.098611
1 0.769792 0.263194 0.102083 0.084722
1 0.598958 0.084722 0.095833 0.147222
1 0.266146 0.831250 0.086458 0.087500
1 0.118229 0.574306 0.082292 0.118056
1 0.267708 0.125694 0.083333 0.134722
1 0.636979 0.752083 0.117708 0.173611
1 0.773438 0.489583 0.107292 0.137500
1 0.682292 0.509028 0.122917 0.193056
1 0.261979 0.277778 0.105208 0.133333
1 0.346354 0.207639 0.084375 0.131944
1 0.779167 0.706944 0.089583 0.141667
1 0.151042 0.291667 0.081250 0.075000
1 0.053646 0.306944 0.061458 0.061111
