1 0.168229 0.798611 0.103125 0.097222
1 0.626042 0.917361 0.091667 0.104167
1 0.746875 0.867361 0.085417 0.098611
1 0.775000 0.491667 0.104167 0.138889
1 0.599479 0.086111 0.094792 0.147222
1 0.118229 0.571528 0.082292 0.115278
1 0.350000 0.883333 0.083333 0.102778
1 0.637500 0.753472 0.116667 0.173611
1 0.265104 0.832639 0.086458 0.087500
1 0.261458 0.277083 0.104167 0.131944
1 0.347396 0.204167 0.090625 0.130556
1 0.267708 0.127083 0.081250 0.134722
1 0.779167 0.708333 0.089583 0.138889
1 0.676042 0.510417 0.116667 0.184722
1 0.770312 0.277778 0.103125 0.105556
1 0.150000 0.291667 0.077083 0.075000
1 0.218229 0.690278 0.121875 0.122222
