1 0.168229 0.799306 0.103125 0.095833
1 0.626042 0.917361 0.091667 0.104167
1 0.746875 0.867361 0.085417 0.098611
1 0.773438 0.491667 0.107292 0.138889
1 0.598958 0.086111 0.095833 0.150000
1 0.118229 0.570833 0.082292 0.113889
1 0.350000 0.883333 0.083333 0.102778
1 0.636979 0.753472 0.117708 0.173611
1 0.672917 0.510417 0.112500 0.181944
1 0.265104 0.832639 0.086458 0.087500
1 0.261458 0.277083 0.104167 0.131944
1 0.344792 0.210417 0.085417 0.126389
1 0.779167 0.708333 0.089583 0.138889
1 0.770833 0.277778 0.104167 0.105556
1 0.265625 0.128472 0.079167 0.134722
1 0.150521 0.291667 0.076042 0.075000
1 0.218229 0.688889 0.119792 0.125000
