1 0.168229 0.799306 0.103125 0.095833
1 0.626042 0.917361 0.091667 0.104167
1 0.746875 0.867361 0.085417 0.098611
1 0.599479 0.086111 0.094792 0.150000
1 0.771875 0.493056 0.108333 0.138889
1 0.670312 0.507639 0.109375 0.184722
1 0.118229 0.570833 0.082292 0.113889
1 0.350000 0.883333 0.083333 0.102778
1 0.636979 0.753472 0.117708 0.173611
1 0.265104 0.832639 0.086458 0.087500
1 0.261458 0.276389 0.104167 0.130556
1 0.778646 0.706250 0.088542 0.134722
1 0.351562 0.210417 0.094792 0.118056
1 0.770833 0.277778 0.104167 0.105556
1 0.150521 0.291667 0.076042 0.075000
1 0.261979 0.125694 0.071875 0.151389
1 0.221875 0.692361 0.125000 0.120833
