1 0.169271 0.800000 0.101042 0.097222
1 0.626042 0.917361 0.091667 0.104167
1 0.747917 0.868056 0.087500 0.100000
1 0.772917 0.493056 0.108333 0.138889
1 0.596875 0.086111 0.091667 0.150000
1 0.349479 0.883333 0.082292 0.102778
1 0.118229 0.570833 0.082292 0.113889
1 0.265625 0.832639 0.085417 0.087500
1 0.638021 0.752778 0.117708 0.172222
1 0.672917 0.510417 0.110417 0.179167
1 0.260937 0.277083 0.103125 0.131944
1 0.346875 0.208333 0.089583 0.125000
1 0.778646 0.705556 0.088542 0.133333
1 0.771875 0.279167 0.106250 0.108333
1 0.150521 0.291667 0.078125 0.075000
1 0.271354 0.125694 0.080208 0.134722
1 0.225521 0.683333 0.128125 0.119444
