1 0.169271 0.799306 0.101042 0.098611
1 0.626042 0.917361 0.091667 0.104167
1 0.772396 0.493056 0.109375 0.138889
1 0.748437 0.868056 0.088542 0.100000
1 0.349479 0.883333 0.082292 0.102778
1 0.597396 0.085417 0.090625 0.151389
1 0.268229 0.125694 0.084375 0.131944
1 0.118229 0.570833 0.082292 0.113889
1 0.638021 0.752778 0.117708 0.172222
1 0.265104 0.832639 0.086458 0.087500
1 0.672917 0.507639 0.112500 0.187500
1 0.261458 0.277083 0.102083 0.134722
1 0.344271 0.210417 0.088542 0.118056
1 0.779167 0.704861 0.089583 0.134722
1 0.771875 0.279861 0.106250 0.106944
1 0.150000 0.291667 0.079167 0.077778
1 0.213542 0.688194 0.110417 0.115278
