1 0.169271 0.799306 0.101042 0.095833
1 0.626042 0.916667 0.091667 0.105556
1 0.747396 0.868056 0.088542 0.097222
1 0.771354 0.493056 0.107292 0.138889
1 0.597396 0.085417 0.090625 0.148611
1 0.672917 0.508333 0.114583 0.183333
1 0.348958 0.881944 0.083333 0.102778
1 0.266146 0.125694 0.084375 0.131944
1 0.639583 0.750694 0.116667 0.170833
1 0.117708 0.571528 0.083333 0.115278
1 0.265104 0.832639 0.086458 0.087500
1 0.344792 0.208333 0.091667 0.125000
1 0.777604 0.705556 0.088542 0.130556
1 0.263542 0.275694 0.100000 0.131944
1 0.770833 0.279167 0.104167 0.105556
1 0.150521 0.289583 0.078125 0.073611
1 0.220312 0.693750 0.115625 0.118056
