1 0.747917 0.868750 0.087500 0.095833
1 0.626042 0.917361 0.091667 0.104167
1 0.168750 0.800000 0.100000 0.097222
1 0.771354 0.493056 0.109375 0.138889
1 0.596875 0.086111 0.091667 0.147222
1 0.671875 0.506944 0.108333 0.186111
1 0.639583 0.752083 0.118750 0.170833
1 0.118229 0.571528 0.082292 0.115278
1 0.349479 0.883333 0.082292 0.102778
1 0.268229 0.127083 0.082292 0.131944
1 0.265625 0.832639 0.085417 0.087500
1 0.345833 0.210417 0.083333 0.120833
1 0.778125 0.704861 0.089583 0.129167
1 0.260417 0.275694 0.104167 0.131944
1 0.770312 0.279167 0.103125 0.105556
1 0.151562 0.292361 0.080208 0.073611
1 0.217188 0.696528 0.119792 0.106944
