1 0.168229 0.799306 0.101042 0.098611
1 0.626042 0.916667 0.091667 0.105556
1 0.746354 0.866667 0.086458 0.094444
1 0.348958 0.881944 0.083333 0.102778
1 0.119271 0.570833 0.082292 0.116667
1 0.266146 0.830556 0.086458 0.086111
1 0.668750 0.506250 0.102083 0.187500
1 0.267708 0.125694 0.083333 0.131944
1 0.770312 0.493056 0.109375 0.138889
1 0.596354 0.085417 0.092708 0.148611
1 0.638021 0.750694 0.117708 0.170833
1 0.345313 0.206944 0.094792 0.116667
1 0.260417 0.277083 0.104167 0.137500
1 0.776042 0.705556 0.085417 0.133333
1 0.769271 0.280556 0.103125 0.108333
1 0.151042 0.290972 0.079167 0.076389
