1 0.168229 0.799306 0.101042 0.095833
1 0.744792 0.866667 0.085417 0.094444
1 0.626042 0.916667 0.091667 0.105556
1 0.348958 0.881944 0.083333 0.102778
1 0.119271 0.570833 0.082292 0.116667
1 0.265625 0.830556 0.087500 0.086111
1 0.668750 0.506250 0.102083 0.187500
1 0.770312 0.493056 0.109375 0.138889
1 0.267708 0.125694 0.083333 0.131944
1 0.597396 0.084722 0.090625 0.147222
1 0.638542 0.750694 0.118750 0.170833
1 0.348438 0.212500 0.088542 0.127778
1 0.261979 0.275694 0.101042 0.137500
1 0.776042 0.706944 0.085417 0.130556
1 0.769792 0.279167 0.102083 0.108333
1 0.147396 0.293056 0.080208 0.055556
