1 0.168229 0.799306 0.101042 0.095833
1 0.744792 0.866667 0.085417 0.094444
1 0.626042 0.916667 0.091667 0.105556
1 0.119792 0.570833 0.083333 0.116667
1 0.348958 0.881944 0.083333 0.102778
1 0.267708 0.125694 0.083333 0.131944
1 0.265625 0.830556 0.087500 0.086111
1 0.597396 0.084722 0.090625 0.147222
1 0.770312 0.493056 0.109375 0.138889
1 0.264062 0.274306 0.096875 0.145833
1 0.668750 0.506250 0.102083 0.187500
1 0.344792 0.213889 0.085417 0.127778
1 0.638542 0.750694 0.118750 0.170833
1 0.769271 0.275694 0.103125 0.104167
1 0.776563 0.706944 0.086458 0.133333
1 0.152604 0.297917 0.076042 0.056944
