1 0.168229 0.799306 0.101042 0.095833
1 0.744792 0.866667 0.085417 0.094444
1 0.263021 0.271528 0.096875 0.170833
1 0.626042 0.916667 0.091667 0.105556
1 0.267708 0.124306 0.079167 0.134722
1 0.119271 0.570833 0.082292 0.116667
1 0.669792 0.505556 0.100000 0.188889
1 0.770312 0.493056 0.109375 0.138889
1 0.265625 0.832639 0.087500 0.084722
1 0.349479 0.881944 0.082292 0.102778
1 0.597396 0.084722 0.090625 0.150000
1 0.638542 0.750694 0.118750 0.170833
1 0.350521 0.213194 0.088542 0.131944
1 0.769792 0.265278 0.102083 0.088889
1 0.777083 0.705556 0.085417 0.138889
1 0.147917 0.294444 0.077083 0.050000
