1 0.169271 0.800000 0.103125 0.100000
1 0.260937 0.270139 0.096875 0.176389
1 0.744792 0.866667 0.085417 0.094444
1 0.626042 0.916667 0.091667 0.105556
1 0.268750 0.126389 0.081250 0.136111
1 0.119792 0.572917 0.081250 0.115278
1 0.669792 0.506250 0.100000 0.187500
1 0.770312 0.493056 0.109375 0.138889
1 0.344792 0.213889 0.089583 0.111111
1 0.638542 0.752778 0.118750 0.172222
1 0.597396 0.085417 0.090625 0.151389
1 0.266146 0.835417 0.086458 0.087500
1 0.768750 0.263194 0.100000 0.087500
1 0.351042 0.884028 0.087500 0.106944
1 0.777083 0.706250 0.085417 0.137500
1 0.147917 0.298611 0.081250 0.066667
