1 0.261979 0.268056 0.098958 0.177778
1 0.169271 0.799306 0.103125 0.098611
1 0.626042 0.916667 0.091667 0.105556
1 0.744792 0.866667 0.085417 0.094444
1 0.268750 0.126389 0.081250 0.136111
1 0.120313 0.572917 0.084375 0.118056
1 0.669792 0.506250 0.100000 0.187500
1 0.770312 0.490972 0.109375 0.137500
1 0.638542 0.752778 0.118750 0.172222
1 0.345833 0.211806 0.085417 0.120833
1 0.597396 0.084722 0.090625 0.152778
1 0.266146 0.836806 0.086458 0.090278
1 0.767708 0.263194 0.097917 0.087500
1 0.350521 0.881944 0.088542 0.108333
1 0.777604 0.706250 0.086458 0.137500
1 0.149479 0.295139 0.071875 0.059722
