1 0.169271 0.800000 0.103125 0.097222
1 0.261979 0.268750 0.098958 0.179167
1 0.745833 0.866667 0.085417 0.097222
1 0.626042 0.917361 0.091667 0.104167
1 0.120833 0.572222 0.083333 0.116667
1 0.268750 0.126389 0.081250 0.136111
1 0.669271 0.506944 0.098958 0.186111
1 0.771354 0.493056 0.109375 0.136111
1 0.348438 0.209028 0.082292 0.123611
1 0.638542 0.752083 0.118750 0.170833
1 0.597396 0.086111 0.090625 0.152778
1 0.266146 0.836111 0.086458 0.088889
1 0.768229 0.264583 0.098958 0.087500
1 0.351562 0.883333 0.088542 0.108333
1 0.778646 0.706250 0.086458 0.137500
1 0.151562 0.297222 0.071875 0.050000
