1 0.266146 0.274306 0.096875 0.159722
1 0.161979 0.193056 0.107292 0.113889
0 0.163021 0.195833 0.107292 0.113889
1 0.218750 0.679861 0.106250 0.112500
2 0.155208 0.154167 0.008333 0.019444
1 0.746354 0.868056 0.084375 0.097222
1 0.168229 0.799306 0.101042 0.098611
1 0.268229 0.126389 0.084375 0.136111
1 0.118750 0.572917 0.081250 0.112500
1 0.768229 0.264583 0.098958 0.084722
1 0.349479 0.882639 0.082292 0.104167
1 0.772917 0.492361 0.108333 0.140278
1 0.638542 0.751389 0.116667 0.172222
1 0.349479 0.209722 0.080208 0.125000
1 0.668750 0.506250 0.100000 0.187500
1 0.265625 0.831250 0.085417 0.087500
1 0.593750 0.085417 0.091667 0.148611
1 0.777083 0.705556 0.089583 0.136111
1 0.626042 0.915278 0.093750 0.105556
