1 0.346875 0.875694 0.077083 0.093056
1 0.671875 0.498611 0.100000 0.163889
1 0.639583 0.759028 0.110417 0.168056
1 0.121354 0.579167 0.080208 0.100000
1 0.628125 0.920833 0.087500 0.105556
1 0.276562 0.265278 0.088542 0.113889
1 0.590104 0.095833 0.080208 0.175000
1 0.254688 0.140972 0.096875 0.101389
1 0.771875 0.498611 0.097917 0.133333
1 0.402083 0.091667 0.081250 0.086111
1 0.765104 0.274306 0.088542 0.109722
1 0.773438 0.711111 0.092708 0.138889
1 0.748958 0.869444 0.079167 0.091667
1 0.171354 0.793750 0.098958 0.106944
