1 0.169271 0.799306 0.103125 0.098611
1 0.746875 0.868056 0.085417 0.097222
1 0.626042 0.918056 0.091667 0.105556
1 0.350000 0.883333 0.081250 0.102778
1 0.266146 0.831944 0.086458 0.086111
1 0.599479 0.086111 0.094792 0.147222
1 0.120313 0.572917 0.084375 0.118056
1 0.637500 0.753472 0.116667 0.173611
1 0.267708 0.127083 0.083333 0.134722
1 0.770312 0.268056 0.105208 0.086111
1 0.774479 0.491667 0.103125 0.136111
1 0.778646 0.708333 0.088542 0.138889
1 0.348438 0.206250 0.078125 0.129167
1 0.150521 0.293056 0.080208 0.077778
1 0.072396 0.263889 0.073958 0.069444
1 0.679688 0.518056 0.117708 0.136111
1 0.265104 0.278472 0.092708 0.115278
