1 0.259896 0.837500 0.069792 0.086111
1 0.672396 0.493750 0.107292 0.184722
1 0.744792 0.868056 0.083333 0.097222
1 0.775521 0.489583 0.101042 0.126389
1 0.772917 0.231250 0.102083 0.131944
1 0.116146 0.582639 0.076042 0.101389
1 0.282813 0.261111 0.103125 0.130556
1 0.775521 0.706944 0.082292 0.136111
1 0.593750 0.089583 0.083333 0.148611
1 0.193229 0.162500 0.080208 0.077778
1 0.256771 0.134028 0.096875 0.123611
1 0.625000 0.744444 0.127083 0.163889
1 0.193229 0.249306 0.076042 0.079167
1 0.625000 0.918750 0.087500 0.104167
1 0.163021 0.800694 0.084375 0.087500
1 0.344271 0.879167 0.076042 0.088889
