1 0.672917 0.486806 0.114583 0.170833
1 0.772396 0.493750 0.109375 0.137500
1 0.169792 0.799306 0.104167 0.098611
1 0.347917 0.881944 0.077083 0.102778
1 0.119271 0.573611 0.084375 0.113889
1 0.775521 0.708333 0.086458 0.127778
1 0.263021 0.268056 0.096875 0.180556
1 0.626042 0.916667 0.093750 0.105556
1 0.269792 0.125000 0.085417 0.138889
1 0.747396 0.867361 0.084375 0.095833
1 0.351042 0.202778 0.079167 0.138889
1 0.770312 0.266667 0.103125 0.086111
1 0.598958 0.086806 0.093750 0.143056
1 0.647396 0.738194 0.113542 0.151389
1 0.265625 0.831944 0.085417 0.088889
1 0.150000 0.290972 0.077083 0.076389
1 0.065104 0.336111 0.073958 0.108333
1 0.197917 0.258333 0.066667 0.127778
