1 0.672917 0.492361 0.104167 0.181944
1 0.770312 0.245139 0.092708 0.112500
1 0.773958 0.489583 0.097917 0.129167
1 0.143750 0.198611 0.064583 0.077778
1 0.629687 0.748611 0.121875 0.163889
1 0.345833 0.875694 0.077083 0.090278
1 0.591146 0.089583 0.084375 0.148611
1 0.117708 0.577778 0.079167 0.102778
1 0.627083 0.919444 0.087500 0.105556
1 0.161979 0.800694 0.086458 0.090278
1 0.278646 0.259722 0.096875 0.127778
1 0.748958 0.870139 0.077083 0.095833
1 0.262500 0.838889 0.072917 0.088889
1 0.778646 0.706944 0.084375 0.130556
1 0.206250 0.254167 0.070833 0.125000
1 0.254688 0.136111 0.090625 0.097222
