1 0.167187 0.797917 0.103125 0.095833
1 0.626042 0.916667 0.091667 0.105556
1 0.746354 0.865972 0.086458 0.098611
1 0.774479 0.491667 0.105208 0.138889
1 0.598958 0.084722 0.095833 0.147222
1 0.117708 0.571528 0.083333 0.115278
1 0.349479 0.881944 0.082292 0.102778
1 0.636979 0.752083 0.117708 0.173611
1 0.264583 0.832639 0.085417 0.087500
1 0.348438 0.204167 0.078125 0.136111
1 0.266667 0.125694 0.081250 0.134722
1 0.779167 0.706944 0.089583 0.138889
1 0.671875 0.500694 0.125000 0.168056
1 0.769271 0.277778 0.103125 0.105556
1 0.149479 0.291667 0.076042 0.075000
1 0.263021 0.274306 0.094792 0.129167
1 0.312500 0.097222 0.097917 0.169444
