1 0.259375 0.837500 0.070833 0.086111
1 0.672396 0.493750 0.107292 0.184722
1 0.744792 0.868056 0.083333 0.097222
1 0.775000 0.490278 0.100000 0.127778
1 0.773438 0.230556 0.103125 0.133333
1 0.116146 0.582639 0.076042 0.101389
1 0.282813 0.261806 0.103125 0.129167
1 0.775521 0.706250 0.082292 0.134722
1 0.593750 0.089583 0.083333 0.148611
1 0.625000 0.744444 0.127083 0.163889
1 0.193750 0.249306 0.081250 0.076389
1 0.257292 0.134722 0.095833 0.122222
1 0.624479 0.918056 0.086458 0.105556
1 0.196875 0.164583 0.083333 0.081944
1 0.162500 0.801389 0.085417 0.088889
1 0.344271 0.879167 0.076042 0.091667
