1 0.169271 0.798611 0.105208 0.100000
1 0.347396 0.881250 0.078125 0.101389
1 0.625521 0.918056 0.092708 0.105556
1 0.265625 0.830556 0.085417 0.088889
1 0.675521 0.506944 0.109375 0.186111
1 0.745833 0.871528 0.083333 0.101389
1 0.119792 0.574306 0.083333 0.115278
1 0.598958 0.086111 0.093750 0.147222
1 0.772917 0.492361 0.108333 0.140278
1 0.218229 0.681250 0.117708 0.126389
1 0.268750 0.125694 0.083333 0.129167
1 0.638021 0.752778 0.115625 0.172222
1 0.769792 0.268056 0.104167 0.086111
1 0.778646 0.708333 0.088542 0.138889
1 0.348438 0.221528 0.071875 0.098611
1 0.271354 0.279167 0.084375 0.141667
1 0.064062 0.330556 0.071875 0.105556
1 0.147917 0.293750 0.079167 0.073611
1 0.196875 0.165278 0.072917 0.100000
