1 0.263542 0.274306 0.097917 0.168056
1 0.169271 0.799306 0.103125 0.098611
1 0.747396 0.868056 0.084375 0.097222
1 0.625521 0.917361 0.092708 0.106944
1 0.273958 0.127083 0.081250 0.145833
1 0.673438 0.495833 0.111458 0.191667
1 0.317188 0.227778 0.130208 0.102778
1 0.120833 0.571528 0.083333 0.118056
1 0.638021 0.752083 0.117708 0.170833
1 0.354687 0.886111 0.096875 0.113889
1 0.150000 0.289583 0.083333 0.076389
1 0.768229 0.235417 0.094792 0.143056
1 0.195312 0.249306 0.069792 0.081944
1 0.265625 0.840972 0.085417 0.095833
1 0.778646 0.706944 0.088542 0.147222
1 0.594792 0.085417 0.091667 0.162500
1 0.774479 0.487500 0.107292 0.138889
