1 0.744271 0.867361 0.084375 0.098611
1 0.672396 0.493056 0.107292 0.183333
1 0.259375 0.836806 0.068750 0.084722
1 0.775521 0.489583 0.101042 0.126389
1 0.626563 0.744444 0.126042 0.166667
1 0.775521 0.705556 0.082292 0.136111
1 0.772917 0.227778 0.102083 0.136111
1 0.625521 0.918056 0.088542 0.105556
1 0.116146 0.581250 0.076042 0.101389
1 0.280208 0.262500 0.116667 0.144444
1 0.594271 0.089583 0.084375 0.148611
1 0.233854 0.157639 0.082292 0.112500
1 0.162500 0.801389 0.085417 0.088889
1 0.198958 0.247917 0.072917 0.081944
1 0.147917 0.290278 0.072917 0.066667
1 0.349479 0.888889 0.084375 0.111111
