1 0.671875 0.497917 0.104167 0.165278
1 0.348438 0.874306 0.076042 0.087500
1 0.629167 0.917361 0.087500 0.115278
1 0.118229 0.575000 0.073958 0.094444
1 0.254167 0.140278 0.097917 0.102778
1 0.591146 0.098611 0.080208 0.183333
1 0.276562 0.265972 0.086458 0.115278
1 0.402083 0.090972 0.081250 0.090278
1 0.769271 0.277083 0.086458 0.115278
1 0.774479 0.498611 0.101042 0.130556
1 0.641667 0.757639 0.106250 0.179167
1 0.778646 0.704861 0.082292 0.118056
1 0.748437 0.872222 0.078125 0.102778
1 0.269792 0.839583 0.075000 0.084722
1 0.173437 0.793056 0.109375 0.097222
