1 0.772396 0.493750 0.109375 0.137500
1 0.169271 0.799306 0.103125 0.098611
1 0.672917 0.486806 0.114583 0.170833
1 0.347396 0.881944 0.076042 0.102778
1 0.118229 0.573611 0.082292 0.113889
1 0.775521 0.708333 0.086458 0.127778
1 0.626042 0.916667 0.093750 0.105556
1 0.268750 0.124306 0.083333 0.137500
1 0.265104 0.830556 0.086458 0.088889
1 0.350000 0.201389 0.079167 0.138889
1 0.261979 0.268750 0.092708 0.179167
1 0.647396 0.737500 0.113542 0.150000
1 0.598958 0.086806 0.093750 0.143056
1 0.747396 0.868750 0.084375 0.101389
1 0.150521 0.291667 0.078125 0.075000
1 0.769792 0.266667 0.102083 0.083333
1 0.066667 0.331250 0.072917 0.120833
1 0.201563 0.246528 0.057292 0.120833
