1 0.263021 0.268056 0.094792 0.177778
1 0.268750 0.125694 0.083333 0.137500
1 0.626042 0.916667 0.091667 0.105556
1 0.116667 0.572222 0.081250 0.111111
1 0.767708 0.263889 0.097917 0.086111
1 0.745313 0.868056 0.084375 0.097222
1 0.166667 0.799306 0.100000 0.098611
1 0.772396 0.491667 0.109375 0.141667
1 0.638542 0.750694 0.116667 0.170833
1 0.348438 0.208333 0.080208 0.125000
1 0.349479 0.881944 0.082292 0.105556
1 0.595313 0.084028 0.092708 0.151389
1 0.668229 0.505556 0.101042 0.186111
1 0.265104 0.830556 0.086458 0.088889
1 0.776042 0.705556 0.087500 0.136111
0 0.146354 0.207639 0.117708 0.093056
1 0.145833 0.207639 0.116667 0.093056
2 0.127604 0.180556 0.007292 0.019444
1 0.211458 0.676389 0.095833 0.113889
1 0.149479 0.297917 0.080208 0.054167
