1 0.744271 0.867361 0.084375 0.098611
1 0.274479 0.273611 0.113542 0.155556
1 0.259375 0.836806 0.068750 0.084722
1 0.672396 0.493056 0.107292 0.183333
1 0.775521 0.489583 0.101042 0.126389
1 0.626042 0.918056 0.089583 0.105556
1 0.772917 0.227778 0.102083 0.136111
1 0.775521 0.704167 0.082292 0.136111
1 0.116146 0.581944 0.076042 0.100000
1 0.629687 0.747917 0.126042 0.170833
1 0.233854 0.159028 0.088542 0.101389
1 0.594792 0.089583 0.083333 0.148611
1 0.162500 0.800694 0.085417 0.087500
1 0.351042 0.888889 0.087500 0.111111
1 0.146875 0.291667 0.075000 0.069444
1 0.196875 0.242361 0.062500 0.070833
