1 0.169271 0.800000 0.103125 0.100000
1 0.261979 0.270139 0.096875 0.176389
1 0.745833 0.867361 0.085417 0.095833
1 0.626042 0.917361 0.091667 0.104167
1 0.268750 0.126389 0.081250 0.136111
1 0.119792 0.572917 0.081250 0.115278
1 0.668750 0.500000 0.102083 0.175000
1 0.771354 0.493056 0.109375 0.138889
1 0.348438 0.209028 0.078125 0.126389
1 0.638542 0.752778 0.118750 0.172222
1 0.597396 0.085417 0.090625 0.151389
1 0.266146 0.835417 0.086458 0.087500
1 0.768750 0.264583 0.100000 0.087500
1 0.351042 0.884028 0.087500 0.106944
1 0.777604 0.706250 0.086458 0.137500
