1 0.671875 0.491667 0.102083 0.177778
1 0.767188 0.256250 0.088542 0.093056
1 0.164062 0.800694 0.092708 0.090278
1 0.634375 0.748611 0.112500 0.161111
1 0.346354 0.875694 0.078125 0.093056
1 0.118229 0.577083 0.078125 0.104167
1 0.627083 0.919444 0.087500 0.105556
1 0.771875 0.485417 0.091667 0.137500
1 0.274479 0.270139 0.103125 0.129167
1 0.590625 0.089583 0.087500 0.148611
1 0.748958 0.870833 0.077083 0.094444
1 0.778646 0.706944 0.084375 0.130556
1 0.254167 0.135417 0.089583 0.098611
1 0.132812 0.208333 0.065625 0.080556
