1 0.671875 0.498611 0.100000 0.163889
1 0.628646 0.919444 0.088542 0.108333
1 0.120833 0.577778 0.079167 0.097222
1 0.276562 0.265972 0.086458 0.115278
1 0.640104 0.760417 0.111458 0.168056
1 0.254688 0.141667 0.098958 0.100000
1 0.590104 0.095833 0.080208 0.175000
1 0.772396 0.499306 0.098958 0.134722
1 0.402083 0.090972 0.081250 0.087500
1 0.769792 0.275694 0.087500 0.106944
1 0.781250 0.709722 0.087500 0.136111
1 0.747396 0.870833 0.080208 0.094444
1 0.349479 0.877778 0.073958 0.100000
1 0.167708 0.793750 0.097917 0.112500
