1 0.048438 0.305556 0.055208 0.058333
1 0.638542 0.755556 0.104167 0.163889
1 0.346354 0.873611 0.076042 0.091667
1 0.672396 0.498611 0.094792 0.166667
1 0.276562 0.265972 0.090625 0.115278
1 0.118229 0.577083 0.076042 0.095833
1 0.627083 0.922222 0.085417 0.100000
1 0.589583 0.091667 0.081250 0.158333
1 0.777604 0.704167 0.082292 0.122222
1 0.250000 0.140972 0.089583 0.098611
1 0.771354 0.493056 0.090625 0.136111
1 0.767708 0.275000 0.091667 0.108333
1 0.400000 0.092361 0.081250 0.087500
1 0.050000 0.306250 0.056250 0.056944
1 0.750000 0.877778 0.075000 0.080556
1 0.170833 0.793750 0.104167 0.098611
