1 0.346354 0.875000 0.076042 0.091667
1 0.672396 0.498611 0.098958 0.163889
1 0.639062 0.757639 0.109375 0.168056
1 0.120313 0.577778 0.080208 0.100000
1 0.272917 0.265278 0.095833 0.113889
1 0.627604 0.921528 0.086458 0.101389
1 0.589583 0.095833 0.081250 0.172222
1 0.253125 0.140972 0.095833 0.101389
1 0.771354 0.495833 0.094792 0.133333
1 0.778125 0.702083 0.085417 0.120833
1 0.400521 0.091667 0.082292 0.086111
1 0.765625 0.274306 0.089583 0.109722
1 0.172917 0.797917 0.104167 0.098611
1 0.748958 0.877083 0.081250 0.093056
