1 0.262500 0.269444 0.097917 0.177778
1 0.169271 0.800694 0.103125 0.098611
1 0.626042 0.917361 0.091667 0.104167
1 0.745833 0.867361 0.085417 0.095833
1 0.268750 0.126389 0.081250 0.136111
1 0.120313 0.573611 0.084375 0.116667
1 0.669792 0.506250 0.100000 0.187500
1 0.771354 0.492361 0.109375 0.137500
1 0.638542 0.752778 0.118750 0.172222
1 0.348438 0.209028 0.078125 0.126389
1 0.597396 0.086111 0.090625 0.152778
1 0.266146 0.836806 0.086458 0.090278
1 0.768229 0.264583 0.098958 0.087500
1 0.351562 0.883333 0.088542 0.108333
1 0.778125 0.706250 0.087500 0.137500
