1 0.263542 0.274306 0.097917 0.168056
1 0.670833 0.499306 0.110417 0.195833
1 0.746354 0.868056 0.084375 0.097222
1 0.626042 0.918056 0.091667 0.105556
1 0.772396 0.234028 0.103125 0.134722
1 0.636458 0.752778 0.122917 0.166667
1 0.192188 0.248611 0.067708 0.083333
1 0.354167 0.888889 0.095833 0.113889
1 0.119271 0.576389 0.082292 0.108333
1 0.595313 0.086806 0.090625 0.159722
1 0.161979 0.802778 0.088542 0.097222
1 0.305208 0.168056 0.129167 0.102778
1 0.264583 0.839583 0.083333 0.093056
1 0.267188 0.129861 0.090625 0.131944
1 0.777604 0.706250 0.086458 0.140278
1 0.147396 0.295139 0.076042 0.084722
1 0.772396 0.495833 0.111458 0.127778
