1 0.672396 0.492361 0.103125 0.179167
1 0.140104 0.202083 0.063542 0.079167
1 0.772396 0.487500 0.094792 0.133333
1 0.768750 0.251389 0.089583 0.102778
1 0.632292 0.748611 0.116667 0.161111
1 0.346354 0.875694 0.078125 0.093056
1 0.590625 0.089583 0.085417 0.148611
1 0.118229 0.577778 0.078125 0.102778
1 0.627083 0.919444 0.087500 0.105556
1 0.163021 0.800694 0.088542 0.090278
1 0.276562 0.265972 0.101042 0.131944
1 0.748958 0.870833 0.077083 0.094444
1 0.778646 0.706944 0.084375 0.130556
1 0.263542 0.838889 0.075000 0.088889
1 0.254167 0.135417 0.089583 0.095833
