1 0.672396 0.486806 0.115625 0.170833
1 0.772396 0.493750 0.109375 0.137500
1 0.347396 0.881944 0.076042 0.102778
1 0.775521 0.707639 0.086458 0.129167
1 0.169271 0.799306 0.105208 0.098611
1 0.626042 0.916667 0.093750 0.105556
1 0.118750 0.574306 0.083333 0.115278
1 0.350000 0.201389 0.079167 0.138889
1 0.265625 0.830556 0.085417 0.088889
1 0.599479 0.086806 0.094792 0.143056
1 0.269792 0.125694 0.079167 0.131944
1 0.648438 0.736806 0.115625 0.148611
1 0.768750 0.266667 0.102083 0.083333
1 0.213021 0.683333 0.113542 0.125000
1 0.269792 0.276389 0.087500 0.150000
1 0.747396 0.870139 0.084375 0.101389
1 0.150521 0.292361 0.078125 0.079167
1 0.063542 0.340972 0.068750 0.104167
