1 0.772396 0.493750 0.109375 0.137500
1 0.672917 0.486806 0.114583 0.170833
1 0.169271 0.799306 0.103125 0.098611
1 0.347396 0.881944 0.076042 0.102778
1 0.775521 0.708333 0.086458 0.127778
1 0.263021 0.268750 0.096875 0.179167
1 0.118229 0.574306 0.082292 0.115278
1 0.626042 0.916667 0.093750 0.105556
1 0.269792 0.125000 0.083333 0.138889
1 0.151042 0.291667 0.077083 0.075000
1 0.265625 0.830556 0.087500 0.088889
1 0.747917 0.869444 0.085417 0.100000
1 0.350521 0.202083 0.080208 0.140278
1 0.648438 0.737500 0.113542 0.150000
1 0.598958 0.086806 0.093750 0.143056
1 0.769792 0.266667 0.102083 0.083333
1 0.065625 0.333333 0.072917 0.119444
1 0.201042 0.250694 0.060417 0.126389
