1 0.169271 0.799306 0.103125 0.098611
1 0.672917 0.486806 0.114583 0.170833
1 0.772396 0.493750 0.109375 0.137500
1 0.347396 0.881944 0.078125 0.102778
1 0.119271 0.573611 0.084375 0.113889
1 0.775521 0.708333 0.086458 0.127778
1 0.263021 0.268056 0.096875 0.180556
1 0.626042 0.916667 0.093750 0.105556
1 0.266667 0.124306 0.085417 0.140278
1 0.643750 0.739583 0.112500 0.151389
1 0.350000 0.202083 0.079167 0.140278
1 0.746354 0.867361 0.084375 0.095833
1 0.266146 0.832639 0.086458 0.087500
1 0.151042 0.292361 0.077083 0.076389
1 0.772917 0.265278 0.100000 0.091667
1 0.598958 0.088194 0.093750 0.143056
1 0.053125 0.343750 0.062500 0.073611
1 0.197917 0.256944 0.064583 0.125000
