1 0.169792 0.798611 0.106250 0.100000
1 0.625521 0.918056 0.092708 0.105556
1 0.675521 0.500000 0.109375 0.197222
1 0.346875 0.881944 0.075000 0.100000
1 0.265625 0.831250 0.085417 0.087500
1 0.772917 0.492361 0.108333 0.140278
1 0.745833 0.869444 0.083333 0.100000
1 0.119271 0.574306 0.082292 0.115278
1 0.599479 0.086111 0.092708 0.147222
1 0.268750 0.127083 0.083333 0.131944
1 0.769271 0.265972 0.103125 0.081944
1 0.218229 0.682639 0.117708 0.131944
1 0.638021 0.752778 0.115625 0.172222
1 0.778646 0.708333 0.088542 0.138889
1 0.348438 0.221528 0.071875 0.098611
1 0.270313 0.279167 0.084375 0.138889
1 0.063542 0.331944 0.072917 0.100000
1 0.147917 0.293750 0.081250 0.073611
