1 0.745313 0.868056 0.084375 0.097222
1 0.669792 0.499306 0.110417 0.195833
1 0.263542 0.275000 0.097917 0.166667
1 0.626042 0.918056 0.091667 0.105556
1 0.352083 0.888889 0.089583 0.113889
1 0.769792 0.233333 0.100000 0.138889
1 0.636979 0.753472 0.123958 0.165278
1 0.192708 0.246528 0.068750 0.090278
1 0.117188 0.579861 0.080208 0.104167
1 0.264583 0.838889 0.081250 0.091667
1 0.595313 0.087500 0.090625 0.161111
1 0.777604 0.705556 0.086458 0.141667
1 0.147917 0.288194 0.077083 0.076389
1 0.307292 0.150000 0.131250 0.102778
1 0.160938 0.802778 0.086458 0.094444
1 0.771354 0.497917 0.111458 0.126389
1 0.262500 0.132639 0.068750 0.123611
