1 0.767188 0.261111 0.090625 0.100000
1 0.671354 0.491667 0.103125 0.175000
1 0.635417 0.747917 0.110417 0.162500
1 0.117708 0.577083 0.079167 0.104167
1 0.346875 0.876389 0.079167 0.094444
1 0.771875 0.485417 0.091667 0.134722
1 0.275000 0.265278 0.108333 0.125000
1 0.627083 0.920139 0.087500 0.104167
1 0.253125 0.139583 0.093750 0.104167
1 0.591146 0.088889 0.088542 0.152778
1 0.779167 0.706944 0.083333 0.130556
1 0.748958 0.870833 0.077083 0.094444
1 0.160938 0.801389 0.088542 0.091667
1 0.200521 0.240278 0.065625 0.108333
1 0.265625 0.838194 0.079167 0.090278
1 0.101562 0.233333 0.061458 0.063889
