1 0.672396 0.493750 0.107292 0.184722
1 0.258854 0.837500 0.069792 0.086111
1 0.744271 0.868056 0.084375 0.097222
1 0.775000 0.489583 0.100000 0.126389
1 0.773438 0.227083 0.103125 0.137500
1 0.775521 0.706250 0.082292 0.134722
1 0.282813 0.256944 0.103125 0.141667
1 0.116667 0.581944 0.077083 0.100000
1 0.625000 0.918750 0.087500 0.104167
1 0.625000 0.743056 0.127083 0.163889
1 0.593750 0.088889 0.083333 0.150000
1 0.199479 0.250000 0.084375 0.088889
1 0.162500 0.801389 0.085417 0.088889
1 0.350521 0.888194 0.086458 0.109722
1 0.226562 0.169444 0.080208 0.122222
