1 0.288542 0.275694 0.143750 0.156944
1 0.744792 0.868056 0.083333 0.097222
1 0.626042 0.918056 0.091667 0.105556
1 0.672396 0.494444 0.107292 0.188889
1 0.771875 0.230556 0.102083 0.133333
1 0.634375 0.752083 0.125000 0.168056
1 0.260937 0.836806 0.073958 0.087500
1 0.352083 0.888194 0.089583 0.109722
1 0.115625 0.579861 0.077083 0.101389
1 0.147396 0.290972 0.073958 0.070833
1 0.260937 0.149306 0.107292 0.140278
1 0.775000 0.491667 0.102083 0.130556
1 0.777083 0.704167 0.085417 0.136111
1 0.161458 0.803472 0.085417 0.093056
1 0.194792 0.245833 0.072917 0.080556
1 0.594792 0.090278 0.087500 0.158333
