1 0.671875 0.497222 0.104167 0.166667
1 0.348438 0.874306 0.076042 0.084722
1 0.629167 0.917361 0.085417 0.115278
1 0.117188 0.575694 0.071875 0.090278
1 0.254167 0.140972 0.097917 0.101389
1 0.591146 0.097222 0.080208 0.180556
1 0.277604 0.265972 0.086458 0.115278
1 0.402604 0.091667 0.082292 0.088889
1 0.767708 0.277778 0.083333 0.102778
1 0.776042 0.499306 0.091667 0.120833
1 0.645833 0.759722 0.102083 0.163889
1 0.779687 0.704861 0.080208 0.112500
1 0.749479 0.870139 0.076042 0.079167
1 0.165625 0.789583 0.095833 0.118056
1 0.267188 0.837500 0.080208 0.086111
