1 0.044792 0.309722 0.054167 0.047222
1 0.639062 0.755556 0.105208 0.163889
1 0.346354 0.873611 0.076042 0.091667
1 0.672396 0.497917 0.094792 0.168056
1 0.276042 0.265972 0.089583 0.115278
1 0.119271 0.577083 0.078125 0.098611
1 0.627083 0.922222 0.085417 0.100000
1 0.589583 0.091667 0.081250 0.158333
1 0.777604 0.704167 0.082292 0.122222
1 0.250000 0.140972 0.091667 0.098611
1 0.771354 0.493056 0.090625 0.133333
1 0.767708 0.275000 0.091667 0.108333
1 0.400000 0.092361 0.081250 0.087500
1 0.049479 0.318750 0.057292 0.059722
1 0.747396 0.878472 0.073958 0.084722
1 0.171354 0.795139 0.101042 0.093056
