1 0.258854 0.837500 0.069792 0.086111
1 0.672396 0.493750 0.107292 0.184722
1 0.744792 0.868056 0.083333 0.097222
1 0.775000 0.490972 0.100000 0.126389
1 0.773438 0.229861 0.103125 0.134722
1 0.116146 0.582639 0.076042 0.101389
1 0.775521 0.706250 0.082292 0.134722
1 0.194271 0.252778 0.088542 0.072222
1 0.593750 0.089583 0.083333 0.148611
1 0.282813 0.261111 0.103125 0.130556
1 0.625000 0.744444 0.127083 0.163889
1 0.625000 0.918750 0.087500 0.104167
1 0.205729 0.164583 0.090625 0.098611
1 0.162500 0.801389 0.085417 0.088889
1 0.257812 0.134028 0.096875 0.120833
1 0.345833 0.878472 0.077083 0.093056
