1 0.168750 0.799306 0.102083 0.095833
1 0.626042 0.917361 0.091667 0.104167
1 0.746875 0.867361 0.085417 0.098611
1 0.670833 0.506944 0.108333 0.186111
1 0.598437 0.086111 0.092708 0.150000
1 0.771875 0.493056 0.108333 0.138889
1 0.349479 0.883333 0.082292 0.102778
1 0.117708 0.570833 0.081250 0.113889
1 0.265625 0.831944 0.085417 0.086111
1 0.636979 0.753472 0.117708 0.173611
1 0.261458 0.276389 0.104167 0.130556
1 0.349479 0.207639 0.078125 0.129167
1 0.778646 0.706250 0.088542 0.134722
1 0.771354 0.279167 0.105208 0.105556
1 0.150521 0.291667 0.076042 0.075000
1 0.252604 0.120833 0.088542 0.130556
