1 0.169271 0.800000 0.101042 0.097222
1 0.747396 0.866667 0.086458 0.097222
1 0.626042 0.917361 0.091667 0.104167
1 0.669271 0.506250 0.101042 0.187500
1 0.349479 0.883333 0.082292 0.102778
1 0.771354 0.493056 0.109375 0.138889
1 0.596875 0.085417 0.091667 0.148611
1 0.268229 0.126389 0.082292 0.133333
1 0.265625 0.831250 0.085417 0.087500
1 0.118229 0.572917 0.082292 0.118056
1 0.639062 0.752083 0.117708 0.170833
1 0.347917 0.207639 0.079167 0.129167
1 0.778125 0.706944 0.087500 0.136111
1 0.770312 0.279861 0.103125 0.106944
1 0.151562 0.285417 0.080208 0.084722
1 0.264062 0.278472 0.092708 0.126389
