1 0.169271 0.799306 0.103125 0.098611
1 0.347396 0.881944 0.078125 0.102778
1 0.119271 0.574306 0.084375 0.115278
1 0.747917 0.868056 0.085417 0.097222
1 0.772396 0.493750 0.109375 0.137500
1 0.626042 0.917361 0.093750 0.106944
1 0.675521 0.499306 0.111458 0.195833
1 0.266146 0.125694 0.088542 0.137500
1 0.350000 0.202778 0.079167 0.138889
1 0.265625 0.832639 0.087500 0.087500
1 0.598958 0.088194 0.093750 0.143056
1 0.771354 0.262500 0.098958 0.086111
1 0.641146 0.751389 0.117708 0.172222
1 0.151562 0.291667 0.076042 0.075000
1 0.777604 0.706944 0.088542 0.133333
1 0.196875 0.256944 0.068750 0.116667
1 0.257812 0.270833 0.082292 0.175000
1 0.046354 0.355556 0.061458 0.052778
