1 0.168750 0.799306 0.102083 0.098611
1 0.626042 0.917361 0.091667 0.104167
1 0.746354 0.867361 0.084375 0.095833
1 0.349479 0.883333 0.082292 0.102778
1 0.265625 0.831944 0.087500 0.086111
1 0.119271 0.573611 0.082292 0.116667
1 0.268229 0.126389 0.082292 0.133333
1 0.771354 0.493056 0.109375 0.138889
1 0.596875 0.085417 0.091667 0.148611
1 0.669271 0.506250 0.101042 0.187500
1 0.639062 0.751389 0.117708 0.172222
1 0.347917 0.208333 0.079167 0.127778
1 0.770312 0.280556 0.101042 0.108333
1 0.777083 0.707639 0.085417 0.131944
1 0.151042 0.293750 0.079167 0.076389
1 0.263542 0.284028 0.093750 0.140278
