1 0.264062 0.269444 0.094792 0.175000
1 0.746354 0.868056 0.084375 0.097222
1 0.168229 0.800694 0.101042 0.098611
1 0.626042 0.917361 0.091667 0.104167
1 0.268750 0.126389 0.083333 0.136111
1 0.118229 0.572917 0.080208 0.112500
1 0.768229 0.263889 0.098958 0.086111
1 0.772917 0.492361 0.108333 0.140278
1 0.349479 0.883333 0.082292 0.102778
1 0.638542 0.751389 0.116667 0.172222
1 0.349479 0.210417 0.080208 0.123611
1 0.265625 0.831250 0.085417 0.087500
1 0.668229 0.505556 0.101042 0.188889
1 0.594792 0.084722 0.089583 0.150000
1 0.777604 0.706250 0.088542 0.137500
1 0.219271 0.679167 0.094792 0.119444
1 0.158333 0.195833 0.116667 0.097222
1 0.224479 0.677778 0.088542 0.119444
0 0.158333 0.195833 0.114583 0.097222
2 0.146354 0.165278 0.007292 0.016667
